#label at [-45.85617065 -33.92855072   5.34525061] from subject fsaverage
1951
123  -53.059265  -23.932028  0.467770 0.000000
128  -47.700699  -39.150566  11.790518 0.000000
269  -41.584835  -30.514542  6.430871 0.000000
282  -38.374821  -37.123669  10.818190 0.000000
283  -48.862309  -32.268875  4.912068 0.000000
547  -61.186718  -34.075012  9.617355 0.000000
548  -63.680031  -27.281488  5.777326 0.000000
749  -36.747551  -32.156887  11.835127 0.000000
750  -40.125099  -28.929394  10.529671 0.000000
761  -36.249596  -35.710907  17.880135 0.000000
762  -35.051559  -34.867439  13.830523 0.000000
763  -39.087814  -34.063255  7.453341 0.000000
1203  -42.186310  -40.400375  16.066095 0.000000
1205  -46.458820  -41.260368  17.150076 0.000000
1207  -52.700539  -39.435680  13.749090 0.000000
1208  -59.374535  -37.556831  12.182524 0.000000
1209  -54.204113  -36.554298  10.080953 0.000000
1210  -50.636177  -28.295094  2.054517 0.000000
1211  -56.170532  -29.342220  5.267287 0.000000
1212  -58.439232  -25.657272  3.072684 0.000000
1637  -46.084602  -26.972263  2.079259 0.000000
1638  -49.921913  -22.305302  2.051830 0.000000
1639  -45.488449  -26.747341  6.322825 0.000000
1659  -38.649158  -38.599968  15.791499 0.000000
1660  -42.604706  -38.606091  10.621379 0.000000
1661  -48.010750  -35.819141  8.280580 0.000000
1662  -42.996311  -35.538704  6.499967 0.000000
1663  -44.182426  -31.628265  2.983308 0.000000
2284  -55.300499  -33.132378  7.525437 0.000000
2285  -62.716473  -30.682400  7.639496 0.000000
2669  -34.329948  -32.352455  14.690773 0.000000
2670  -35.642757  -31.041204  13.153526 0.000000
2681  -34.139027  -34.012703  18.095516 0.000000
2682  -33.860027  -33.421883  16.090773 0.000000
2683  -35.586826  -33.622856  12.668122 0.000000
3089  -57.096752  -22.884439  0.940142 0.000000
3091  -55.415394  -21.618067  0.460300 0.000000
3123  -44.594978  -40.229523  13.581787 0.000000
3124  -44.270695  -40.883186  16.530077 0.000000
3125  -47.033573  -40.447781  14.265421 0.000000
3126  -49.263931  -40.637947  15.246904 0.000000
3127  -50.245678  -39.347675  12.690836 0.000000
3128  -53.509117  -38.147392  11.743429 0.000000
3129  -50.815445  -37.900291  10.872406 0.000000
3130  -51.784760  -26.131176  1.090285 0.000000
3131  -54.356377  -26.868567  2.482077 0.000000
3132  -55.882324  -24.811098  1.552284 0.000000
3133  -59.906933  -23.635031  1.980330 0.000000
3689  -43.682945  -28.830027  4.029915 0.000000
3690  -45.769653  -26.598654  4.006234 0.000000
3691  -43.663208  -28.608917  6.227744 0.000000
3723  -36.576801  -36.984470  14.219310 0.000000
3724  -37.307579  -37.202484  16.275043 0.000000
3725  -38.314526  -38.216980  13.275976 0.000000
3726  -40.216450  -39.189400  13.035551 0.000000
3727  -40.392742  -38.036297  10.456805 0.000000
3728  -42.747036  -37.121033  8.482247 0.000000
3729  -40.522942  -36.655579  8.368747 0.000000
3730  -40.026173  -32.298470  6.647392 0.000000
3731  -41.423088  -33.047619  4.850344 0.000000
3732  -42.406082  -30.881763  3.990330 0.000000
3733  -45.006767  -29.273411  2.132469 0.000000
5065  -60.230583  -35.809700  10.689856 0.000000
5066  -62.145000  -36.841312  11.609680 0.000000
5067  -63.094856  -35.141350  10.341982 0.000000
5069  -64.050682  -33.520470  9.432167 0.000000
5070  -48.239376  -34.013775  6.499455 0.000000
5071  -51.480736  -34.317619  7.828960 0.000000
5072  -51.817944  -32.503307  6.447021 0.000000
5073  -60.005615  -28.235645  5.573161 0.000000
5074  -59.531578  -30.124222  6.412074 0.000000
5075  -63.100586  -29.067270  6.779427 0.000000
5076  -64.843544  -30.345392  6.883685 0.000000
5077  -65.138435  -28.912167  5.699733 0.000000
5079  -65.370644  -27.448303  4.394651 0.000000
5957  -39.216255  -31.591816  9.145691 0.000000
5958  -41.277451  -29.955648  8.745845 0.000000
5959  -38.629299  -30.659601  11.052886 0.000000
5960  -37.048439  -29.481771  12.004727 0.000000
5977  -37.548454  -33.211136  20.733418 0.000000
5978  -35.487843  -33.941257  19.852110 0.000000
5979  -35.189800  -35.643509  16.087122 0.000000
5980  -36.530693  -36.079945  11.915560 0.000000
5981  -38.491062  -35.742836  9.034401 0.000000
5982  -36.802544  -34.688488  10.457788 0.000000
5983  -37.768005  -33.063057  9.450798 0.000000
6773  -40.622417  -39.284706  18.773544 0.000000
6775  -42.334484  -40.280708  19.124104 0.000000
6776  -44.208759  -41.032745  19.525829 0.000000
6783  -56.025024  -38.583889  12.715636 0.000000
6784  -56.915905  -36.991119  11.004816 0.000000
6785  -57.728180  -35.174252  9.597033 0.000000
6786  -49.653992  -30.426670  3.372133 0.000000
6787  -52.385700  -30.676432  5.045165 0.000000
6788  -53.205078  -28.814569  3.656462 0.000000
6789  -56.986561  -27.558157  4.142111 0.000000
6790  -60.904217  -26.450336  4.768424 0.000000
6791  -64.283592  -25.616644  4.583442 0.000000
6792  -62.218098  -24.596409  3.486315 0.000000
7661  -49.239189  -25.240210  0.674257 0.000000
7662  -51.255493  -22.724710  0.449376 0.000000
7663  -47.935585  -24.496923  1.984704 0.000000
7664  -47.657158  -24.707146  4.093912 0.000000
7666  -43.038132  -28.100519  8.639525 0.000000
7709  -37.971691  -35.063221  18.862267 0.000000
7710  -38.544701  -36.722889  17.825884 0.000000
7711  -39.341789  -38.146400  18.172363 0.000000
7712  -40.350883  -39.671204  15.835292 0.000000
7713  -42.333752  -39.895824  13.131246 0.000000
7714  -45.052834  -38.919285  11.043586 0.000000
7715  -47.937561  -37.600811  9.903188 0.000000
7716  -45.199398  -37.370766  9.183752 0.000000
7717  -45.409790  -35.656086  7.167829 0.000000
7718  -45.856171  -33.928551  5.345251 0.000000
7719  -40.884014  -34.957020  6.360789 0.000000
7720  -43.489967  -33.658089  4.547661 0.000000
7721  -46.431705  -32.087044  3.574484 0.000000
7722  -47.213371  -29.963644  2.041676 0.000000
7723  -48.187317  -27.613556  1.133724 0.000000
9278  -53.334839  -20.550070  0.602903 0.000000
9412  -51.202900  -36.161205  9.258887 0.000000
9413  -54.814606  -34.801910  8.689621 0.000000
9414  -58.363808  -33.564873  8.497933 0.000000
9415  -55.744652  -31.317377  6.374290 0.000000
9416  -59.168068  -31.876886  7.419287 0.000000
9417  -62.117504  -32.345531  8.659288 0.000000
9418  -64.508698  -31.902243  8.334128 0.000000
10363  -34.083450  -32.937111  15.348208 0.000000
10769  -55.116669  -23.393915  0.688978 0.000000
10770  -56.281300  -22.215881  0.624351 0.000000
10771  -54.288197  -22.712391  0.407025 0.000000
10803  -46.071434  -39.739189  12.564258 0.000000
10804  -45.842094  -40.323158  13.846515 0.000000
10805  -47.423042  -39.845726  12.970779 0.000000
10806  -48.580280  -39.975643  13.441236 0.000000
10807  -49.026264  -39.251526  12.215665 0.000000
10808  -50.526852  -38.666664  11.754652 0.000000
10809  -49.207779  -38.562855  11.271283 0.000000
10810  -52.343189  -25.082367  0.755363 0.000000
10811  -53.806072  -25.395712  1.264939 0.000000
10812  -54.516594  -24.422781  0.946527 0.000000
10813  -56.554943  -23.828255  1.188673 0.000000
11369  -42.618324  -29.703222  5.193176 0.000000
11370  -43.660583  -28.677450  5.102002 0.000000
11371  -42.636974  -29.534138  6.296648 0.000000
11403  -37.364906  -37.173634  12.447676 0.000000
11404  -37.426811  -37.659252  13.644506 0.000000
11405  -38.277294  -37.714592  12.070438 0.000000
11406  -39.240330  -38.222969  11.844822 0.000000
11407  -39.307026  -37.622784  10.592881 0.000000
11408  -40.445446  -37.380096  9.372843 0.000000
11409  -39.389599  -36.973034  9.524178 0.000000
11410  -40.782387  -31.385151  6.408105 0.000000
11411  -41.221912  -31.609421  5.192988 0.000000
11412  -41.885090  -30.612209  5.047032 0.000000
11413  -42.983185  -29.835842  3.918795 0.000000
12745  -60.709908  -34.921162  10.132477 0.000000
12746  -61.727764  -35.342403  10.536405 0.000000
12747  -62.237762  -34.499565  10.045897 0.000000
12748  -63.596336  -34.320511  9.853401 0.000000
12749  -62.739746  -33.688351  9.615993 0.000000
12750  -48.549904  -33.114590  5.690952 0.000000
12751  -50.016701  -33.172649  6.464274 0.000000
12752  -50.252285  -32.274796  5.655820 0.000000
12753  -61.925892  -27.645712  5.833963 0.000000
12754  -61.571247  -28.573963  6.198756 0.000000
12755  -63.289787  -28.170216  6.324303 0.000000
12756  -64.451187  -28.801815  6.460780 0.000000
12757  -64.549362  -28.017624  5.899547 0.000000
12758  -65.241928  -28.182867  5.091764 0.000000
12759  -64.799408  -27.216297  5.310933 0.000000
13769  -37.971474  -31.943945  10.456556 0.000000
13770  -39.004410  -31.164337  10.113936 0.000000
13771  -37.648060  -31.419018  11.413114 0.000000
13773  -36.427662  -30.257946  12.582127 0.000000
13803  -34.453377  -34.619030  16.057110 0.000000
13804  -34.619820  -34.878559  17.093807 0.000000
13805  -35.028236  -35.351089  14.920584 0.000000
13806  -35.703289  -36.017178  13.896731 0.000000
13807  -35.716835  -35.493900  12.842857 0.000000
13808  -36.608063  -35.431042  11.108860 0.000000
13809  -35.820442  -34.846619  12.106082 0.000000
13810  -36.069038  -32.891914  12.214729 0.000000
13811  -36.609322  -33.349457  10.940352 0.000000
13812  -37.228142  -32.639740  10.696531 0.000000
13813  -38.483093  -32.310757  9.178648 0.000000
15128  -41.265648  -40.050446  17.451326 0.000000
15129  -41.407318  -39.840096  18.999146 0.000000
15130  -42.210602  -40.420658  17.605373 0.000000
15131  -45.321144  -41.078831  16.882444 0.000000
15132  -44.240654  -40.962280  18.049122 0.000000
15133  -45.196297  -41.295238  18.286051 0.000000
15138  -50.979713  -40.062523  14.436854 0.000000
15144  -54.329151  -39.023453  13.252752 0.000000
15145  -53.841576  -37.410797  10.891093 0.000000
15146  -55.169445  -37.632080  11.337356 0.000000
15147  -55.580536  -36.748573  10.522923 0.000000
15148  -57.423004  -36.048264  10.277949 0.000000
15149  -55.942768  -35.861439  9.754707 0.000000
15150  -50.131966  -29.367825  2.654953 0.000000
15151  -51.409172  -29.562572  3.478564 0.000000
15152  -51.933739  -28.572824  2.849159 0.000000
15153  -56.392132  -26.249166  2.779936 0.000000
15154  -55.635853  -27.227139  3.294544 0.000000
15155  -57.712574  -26.636150  3.631217 0.000000
15156  -58.959160  -27.010929  4.452472 0.000000
15157  -59.697899  -26.062204  3.877447 0.000000
15158  -61.567303  -25.558996  4.168000 0.000000
15159  -60.411858  -25.147127  3.322242 0.000000
16829  -47.544563  -26.056900  1.255091 0.000000
16830  -48.482147  -24.764330  1.129414 0.000000
16831  -47.028320  -25.718929  1.977704 0.000000
16832  -45.624161  -26.771524  5.071521 0.000000
16833  -46.687538  -25.699696  4.054433 0.000000
16834  -46.585613  -25.850529  5.180292 0.000000
16837  -40.823559  -29.583853  9.763338 0.000000
16838  -42.217354  -29.076824  8.600389 0.000000
16839  -41.566811  -28.568933  9.635739 0.000000
16928  -36.725578  -34.594219  19.611729 0.000000
16929  -37.783550  -34.186855  19.877733 0.000000
16930  -37.066395  -35.485874  18.533733 0.000000
16931  -37.942276  -37.975319  16.012646 0.000000
16932  -37.905056  -37.057240  17.162224 0.000000
16933  -38.367699  -37.853882  17.059361 0.000000
16934  -38.878178  -37.497887  17.976376 0.000000
16935  -38.963409  -38.536747  17.009686 0.000000
16936  -39.664558  -39.101933  17.112453 0.000000
16937  -39.452179  -39.174522  15.781084 0.000000
16938  -41.345245  -39.016647  11.743201 0.000000
16939  -41.242077  -39.585785  13.079062 0.000000
16940  -42.454750  -39.316761  11.842153 0.000000
16941  -43.622990  -39.504543  11.983297 0.000000
16942  -43.821850  -38.789165  10.789584 0.000000
16943  -45.192997  -38.174553  10.098461 0.000000
16944  -43.867920  -38.093601  9.861555 0.000000
16945  -42.905590  -36.362896  7.480368 0.000000
16946  -44.064133  -36.457619  7.791412 0.000000
16947  -44.220627  -35.612297  6.766644 0.000000
16948  -45.612717  -34.854839  6.260780 0.000000
16949  -44.456596  -34.746716  5.789372 0.000000
16950  -38.748680  -34.930153  8.186471 0.000000
16951  -39.642082  -35.430569  7.674263 0.000000
16952  -39.872997  -34.558182  6.816756 0.000000
16953  -42.767807  -32.333527  3.789048 0.000000
16954  -42.419315  -33.409168  4.496310 0.000000
16955  -43.859066  -32.680756  3.702967 0.000000
16956  -44.954304  -32.908089  3.945485 0.000000
16957  -45.311928  -31.913366  3.132609 0.000000
16958  -46.833229  -31.071835  2.750570 0.000000
16959  -45.649822  -30.841455  2.429298 0.000000
16960  -45.517426  -28.108480  2.021950 0.000000
16961  -46.565548  -28.405273  1.513292 0.000000
16962  -47.029823  -27.262075  1.323869 0.000000
16963  -48.630394  -26.469839  0.860820 0.000000
20632  -50.401722  -22.347906  1.091714 0.000000
20633  -52.308586  -21.583719  0.487567 0.000000
20634  -51.437969  -21.256062  1.087219 0.000000
20970  -47.986198  -36.747559  9.083126 0.000000
20971  -49.527199  -36.908096  9.542542 0.000000
20972  -49.645794  -35.938042  8.744434 0.000000
20973  -53.357635  -33.723885  7.757366 0.000000
20974  -53.160351  -34.580364  8.326155 0.000000
20975  -55.098469  -33.934891  8.128549 0.000000
20976  -56.585701  -34.165325  8.531774 0.000000
20977  -56.899536  -33.331360  7.996606 0.000000
20978  -54.185905  -29.971893  5.122938 0.000000
20979  -53.923157  -30.954992  5.804467 0.000000
20980  -55.901661  -30.311823  5.828611 0.000000
20981  -61.198719  -30.453619  7.112268 0.000000
20982  -59.397972  -31.055033  6.907463 0.000000
20983  -61.073769  -31.275965  7.549101 0.000000
20984  -60.677467  -32.105072  8.049200 0.000000
20985  -62.418896  -31.529058  8.139558 0.000000
20986  -63.541332  -31.986431  8.662821 0.000000
20987  -63.783398  -31.202469  8.078430 0.000000
23237  -35.521652  -32.344376  13.278438 0.000000
23238  -36.314186  -31.629986  12.717339 0.000000
23239  -34.901566  -31.783764  13.851244 0.000000
23259  -33.875420  -33.748199  17.114864 0.000000
23260  -34.465046  -34.216656  15.074594 0.000000
23261  -35.235687  -34.244686  13.187111 0.000000
23262  -34.728802  -33.618237  14.351755 0.000000
23263  -35.020287  -32.990471  13.805298 0.000000
24053  -43.285957  -40.463654  14.712540 0.000000
24054  -43.231667  -40.670956  16.243488 0.000000
24055  -44.428570  -40.660896  14.972384 0.000000
24056  -45.549618  -40.770302  15.316342 0.000000
24057  -46.773129  -40.866558  15.706711 0.000000
24058  -47.866447  -41.022453  16.101513 0.000000
24059  -48.154720  -40.531780  14.710745 0.000000
24060  -49.789631  -40.015694  13.896158 0.000000
24061  -51.465034  -39.387283  13.197760 0.000000
24062  -53.145088  -38.829475  12.735609 0.000000
24063  -51.817047  -38.762070  12.226929 0.000000
24064  -52.148510  -38.048168  11.369539 0.000000
24065  -52.453114  -37.229439  10.518572 0.000000
24066  -51.207539  -27.208918  1.529349 0.000000
24067  -52.447227  -27.532969  2.249511 0.000000
24068  -53.092133  -26.494543  1.733126 0.000000
24069  -55.021996  -25.833258  1.992230 0.000000
24070  -57.233040  -25.211447  2.252459 0.000000
24071  -59.252514  -24.687790  2.500597 0.000000
24072  -57.953381  -24.256142  1.782112 0.000000
24073  -58.534355  -23.252382  1.365349 0.000000
25073  -44.881790  -27.886429  2.953121 0.000000
25074  -45.839195  -26.649639  2.954373 0.000000
25075  -44.748028  -27.684307  3.967852 0.000000
25076  -44.710522  -27.681570  5.039440 0.000000
25077  -44.620171  -27.715454  6.217271 0.000000
25133  -36.254311  -36.482109  16.050320 0.000000
25134  -36.781837  -36.427879  16.942160 0.000000
25135  -36.903278  -37.206490  15.320155 0.000000
25136  -37.617805  -37.908279  14.855723 0.000000
25137  -38.456848  -38.535427  14.513837 0.000000
25138  -39.300686  -39.059242  14.463071 0.000000
25139  -39.228771  -38.753853  13.131235 0.000000
25140  -40.285725  -38.646893  11.638631 0.000000
25141  -41.464352  -38.367805  10.458425 0.000000
25142  -42.632645  -37.910671  9.574911 0.000000
25143  -41.529461  -37.725670  9.399845 0.000000
25144  -41.647408  -36.957745  8.342056 0.000000
25145  -41.743958  -36.150032  7.339804 0.000000
25146  -39.443962  -33.222763  6.967639 0.000000
25147  -40.206139  -33.621971  6.082622 0.000000
25148  -40.665012  -32.633717  5.547038 0.000000
25149  -41.880497  -31.960455  4.323590 0.000000
25150  -43.200050  -31.251263  3.266204 0.000000
25151  -44.619896  -30.457855  2.411890 0.000000
25152  -43.651115  -30.143818  2.961003 0.000000
25153  -44.195599  -29.000513  2.896529 0.000000
27549  -59.841331  -36.714428  11.361597 0.000000
27550  -60.839619  -37.132042  11.926603 0.000000
27551  -61.244812  -36.265675  11.196624 0.000000
27552  -62.608601  -35.965565  10.969613 0.000000
27558  -48.081562  -34.907982  7.385687 0.000000
27559  -49.705063  -35.001556  7.991482 0.000000
27560  -49.834492  -34.082176  7.260442 0.000000
27561  -51.670513  -33.403938  7.148580 0.000000
27562  -53.560303  -32.837898  7.062990 0.000000
27563  -58.128319  -28.802143  5.392276 0.000000
27564  -57.873589  -29.715160  5.829218 0.000000
27565  -59.691780  -29.152380  5.960075 0.000000
27566  -61.399452  -29.555140  6.658952 0.000000
27567  -62.892128  -29.884928  7.171341 0.000000
27568  -63.978004  -30.399139  7.438524 0.000000
27569  -64.231781  -29.591635  6.890563 0.000000
27570  -65.015480  -29.616629  6.338767 0.000000
29261  -40.441498  -31.156841  7.757010 0.000000
29262  -41.537823  -30.244190  7.607635 0.000000
29263  -40.290031  -30.819983  8.864457 0.000000
29264  -39.989830  -30.391575  9.905762 0.000000
29265  -39.400108  -29.854015  10.806325 0.000000
29266  -37.149002  -30.850983  12.266467 0.000000
29267  -37.938496  -30.049311  11.803082 0.000000
29268  -38.624657  -29.196407  11.353255 0.000000
29307  -36.429558  -33.670013  20.434965 0.000000
29308  -35.848175  -34.873970  19.021355 0.000000
29309  -34.697346  -34.079414  19.077511 0.000000
29310  -35.118553  -34.968525  18.161896 0.000000
29311  -35.647999  -35.713882  17.104351 0.000000
29312  -35.863323  -36.332108  14.995914 0.000000
29313  -36.499966  -36.626492  13.108724 0.000000
29314  -37.428070  -36.643681  11.334677 0.000000
29315  -38.383667  -36.491486  9.916637 0.000000
29316  -37.475376  -35.949860  10.406904 0.000000
29317  -37.629036  -35.203896  9.607768 0.000000
29318  -37.901165  -34.414787  8.972107 0.000000
29319  -36.109135  -34.120319  11.471231 0.000000
29320  -37.187218  -33.889774  9.894442 0.000000
29321  -38.317249  -33.580200  8.450246 0.000000
29322  -38.936493  -32.754498  8.017332 0.000000
29323  -39.633320  -31.924351  7.817538 0.000000
31168  -43.224174  -40.705399  17.802486 0.000000
31169  -43.243774  -40.652405  19.336990 0.000000
31187  -57.723133  -38.103630  12.385962 0.000000
31188  -54.779396  -38.405937  12.243033 0.000000
31189  -56.531792  -37.820553  11.813548 0.000000
31190  -58.261940  -37.228024  11.527179 0.000000
31191  -58.674438  -36.331284  10.788217 0.000000
31192  -59.094666  -35.402241  10.172897 0.000000
31193  -59.467651  -34.584564  9.596124 0.000000
31194  -49.291348  -31.361095  4.120675 0.000000
31195  -50.554207  -31.431080  4.920906 0.000000
31196  -50.977367  -30.487492  4.176597 0.000000
31197  -52.736122  -29.711452  4.287641 0.000000
31198  -54.563671  -29.016485  4.469881 0.000000
31199  -53.768238  -27.851765  3.043217 0.000000
31200  -55.116127  -28.110493  3.856698 0.000000
31201  -56.576874  -28.428837  4.680971 0.000000
31202  -58.432068  -27.958582  4.947303 0.000000
31203  -60.459953  -27.343281  5.230925 0.000000
31204  -62.373024  -26.763248  5.397608 0.000000
31205  -63.938099  -26.420706  5.267561 0.000000
31206  -62.799156  -25.916016  4.873232 0.000000
31207  -63.254295  -25.064106  4.179442 0.000000
31209  -61.115440  -24.171431  2.706961 0.000000
33413  -51.110706  -24.550213  0.424070 0.000000
33414  -52.171764  -23.275497  0.280152 0.000000
33415  -50.220722  -23.933969  0.528453 0.000000
33416  -49.504208  -23.504999  1.083237 0.000000
33417  -48.988052  -23.403103  2.042510 0.000000
33418  -46.788250  -25.573195  2.965095 0.000000
33419  -47.778221  -24.513779  3.049309 0.000000
33420  -48.727734  -23.483246  3.091193 0.000000
33424  -42.566689  -29.335428  7.481797 0.000000
33425  -43.459625  -28.461834  7.470551 0.000000
33426  -44.298298  -27.547674  7.518865 0.000000
33542  -37.463737  -36.236629  17.620348 0.000000
33543  -38.257191  -35.845997  18.145391 0.000000
33548  -39.945156  -38.763344  18.476963 0.000000
33549  -40.439682  -39.583691  17.282118 0.000000
33550  -41.240368  -40.079750  15.942546 0.000000
33551  -40.217743  -39.525719  14.426953 0.000000
33552  -41.222874  -39.927540  14.504099 0.000000
33553  -42.225197  -40.239471  14.602951 0.000000
33554  -43.470299  -40.084000  13.291540 0.000000
33555  -44.842369  -39.626259  12.245047 0.000000
33556  -46.318565  -39.080505  11.423174 0.000000
33557  -47.794430  -38.416882  10.819235 0.000000
33558  -46.456818  -38.302486  10.433545 0.000000
33559  -46.482792  -37.474789  9.534145 0.000000
33560  -46.549923  -36.621311  8.692351 0.000000
33561  -43.947514  -37.282940  8.817606 0.000000
33562  -45.292812  -36.500923  8.204826 0.000000
33563  -46.655369  -35.719234  7.719653 0.000000
33564  -46.830173  -34.828804  6.727972 0.000000
33565  -47.030952  -33.992722  5.907689 0.000000
33566  -47.324326  -33.115444  5.078146 0.000000
33567  -39.508324  -36.273388  8.595176 0.000000
33568  -40.677170  -35.858418  7.385161 0.000000
33569  -41.879478  -35.307594  6.344045 0.000000
33570  -41.060692  -34.054527  5.559702 0.000000
33571  -42.146000  -34.387409  5.380134 0.000000
33572  -43.261391  -34.630688  5.499476 0.000000
33573  -44.646118  -33.845955  4.869194 0.000000
33574  -46.164829  -32.978390  4.417777 0.000000
33575  -47.667923  -32.178333  4.209575 0.000000
33576  -47.996899  -31.240503  3.368755 0.000000
33577  -48.421085  -30.246576  2.604842 0.000000
33578  -48.884552  -29.173645  1.979532 0.000000
33579  -46.094654  -29.591757  1.840474 0.000000
33580  -47.722610  -28.752024  1.521557 0.000000
33581  -49.398796  -27.982349  1.408959 0.000000
33582  -49.908577  -26.869522  1.002695 0.000000
33583  -50.477150  -25.723347  0.679624 0.000000
38072  -53.367455  -22.091129  0.272070 0.000000
38073  -54.398827  -21.021740  0.408394 0.000000
38476  -49.389935  -37.786041  10.367358 0.000000
38477  -51.036701  -37.080017  10.045365 0.000000
38478  -52.694172  -36.369701  9.744927 0.000000
38479  -51.380249  -35.230240  8.532221 0.000000
38480  -52.952404  -35.401917  9.021226 0.000000
38481  -54.475983  -35.676048  9.325367 0.000000
38482  -56.254009  -34.989864  9.085085 0.000000
38483  -58.014946  -34.342232  9.032393 0.000000
38484  -59.872112  -33.749279  9.059568 0.000000
38485  -52.021790  -31.598251  5.756194 0.000000
38486  -53.752827  -31.928829  6.401021 0.000000
38487  -55.498970  -32.262032  7.001298 0.000000
38488  -57.612396  -30.692413  6.291463 0.000000
38489  -57.438629  -31.650341  6.783026 0.000000
38490  -57.200050  -32.504143  7.380849 0.000000
38491  -58.742329  -32.734520  7.953564 0.000000
38492  -60.257561  -32.887463  8.528128 0.000000
38493  -61.630627  -33.217552  9.135452 0.000000
38494  -63.255268  -32.830940  9.172168 0.000000
38495  -64.346222  -32.685169  8.954305 0.000000
38497  -64.669479  -31.175892  7.599040 0.000000
38512  -65.035721  -26.414837  4.657114 0.000000
41489  -54.107067  -23.664837  0.572687 0.000000
41490  -54.704124  -23.050013  0.530730 0.000000
41491  -53.656849  -23.300165  0.413730 0.000000
41523  -46.854877  -39.469360  12.168555 0.000000
41524  -46.743279  -39.808575  12.796957 0.000000
41525  -47.574619  -39.518730  12.370779 0.000000
41526  -48.225197  -39.569538  12.574930 0.000000
41527  -48.392036  -39.182667  11.956530 0.000000
41528  -49.126881  -38.912628  11.730238 0.000000
41529  -48.458878  -38.845905  11.505908 0.000000
41530  -52.726227  -24.498348  0.588178 0.000000
41531  -53.427105  -24.747540  0.840232 0.000000
41532  -53.816334  -24.170546  0.677079 0.000000
41533  -54.836376  -23.893354  0.795186 0.000000
42089  -42.122368  -30.122757  5.791469 0.000000
42090  -42.625507  -29.615139  5.744352 0.000000
42091  -42.107819  -30.015310  6.372076 0.000000
42123  -37.847046  -37.173676  11.608606 0.000000
42124  -37.812569  -37.443615  12.215071 0.000000
42125  -38.298100  -37.422283  11.454820 0.000000
42126  -38.762817  -37.671261  11.329321 0.000000
42127  -38.775513  -37.373146  10.725372 0.000000
42128  -39.353878  -37.295494  10.043826 0.000000
42129  -38.859119  -37.068096  10.183853 0.000000
42130  -41.207863  -30.931431  6.347715 0.000000
42131  -41.378227  -31.009308  5.678446 0.000000
42132  -41.746391  -30.551325  5.712226 0.000000
42133  -42.252113  -30.155125  5.101346 0.000000
43465  -60.985054  -34.474556  9.873224 0.000000
43466  -61.497314  -34.678497  10.101703 0.000000
43467  -61.737877  -34.264767  9.850563 0.000000
43468  -62.475677  -34.079292  9.834242 0.000000
43469  -61.987694  -33.854038  9.613417 0.000000
43470  -48.686016  -32.714027  5.289452 0.000000
43471  -49.365116  -32.691212  5.636577 0.000000
43472  -49.518375  -32.304886  5.296385 0.000000
43473  -62.845722  -27.438177  5.850860 0.000000
43474  -62.662342  -27.864597  6.075444 0.000000
43475  -63.473255  -27.713507  6.047448 0.000000
43476  -63.981667  -28.038624  6.205014 0.000000
43477  -64.131363  -27.610113  5.930924 0.000000
43478  -64.682274  -27.623495  5.634697 0.000000
43479  -64.291519  -27.212391  5.644858 0.000000
44489  -37.356560  -32.047611  11.137384 0.000000
44490  -37.813168  -31.689701  10.941117 0.000000
44491  -37.199100  -31.793299  11.604757 0.000000
44523  -34.740013  -34.803062  14.934965 0.000000
44524  -34.737389  -34.998028  15.465849 0.000000
44525  -35.029057  -35.134960  14.348104 0.000000
44526  -35.322094  -35.443825  13.870642 0.000000
44527  -35.368004  -35.181404  13.327307 0.000000
44528  -35.754189  -35.159370  12.436157 0.000000
44529  -35.411697  -34.882530  12.984561 0.000000
44530  -36.392200  -32.537880  12.022598 0.000000
44531  -36.624538  -32.768810  11.431517 0.000000
44532  -36.991753  -32.403656  11.268524 0.000000
44533  -37.593208  -32.279713  10.572052 0.000000
45848  -41.711540  -40.271095  16.761770 0.000000
45849  -41.723080  -40.248795  17.518194 0.000000
45850  -42.193382  -40.423088  16.821247 0.000000
45851  -45.884434  -41.164780  17.029816 0.000000
45852  -45.230598  -41.189827  17.618191 0.000000
45853  -45.799896  -41.306129  17.715645 0.000000
45854  -45.711967  -41.455818  18.385693 0.000000
45855  -46.334476  -41.439487  17.842253 0.000000
45857  -46.978401  -41.377876  17.288738 0.000000
45858  -51.827686  -39.750221  14.080295 0.000000
45859  -51.541718  -40.096329  14.685175 0.000000
45860  -52.403015  -39.788803  14.339071 0.000000
45862  -53.275005  -39.513996  13.989324 0.000000
45863  -54.105419  -39.308453  13.700727 0.000000
45864  -53.508461  -39.220329  13.513010 0.000000
45865  -54.016010  -37.009911  10.490492 0.000000
45866  -54.717297  -37.095047  10.684823 0.000000
45867  -54.898796  -36.683998  10.294940 0.000000
45868  -55.769798  -36.326302  10.145513 0.000000
45869  -55.066444  -36.223392  9.909261 0.000000
45870  -50.394543  -28.838955  2.344751 0.000000
45871  -51.036491  -28.978928  2.739762 0.000000
45872  -51.280304  -28.453983  2.435686 0.000000
45873  -57.426178  -25.935694  2.928005 0.000000
45874  -57.090466  -26.439096  3.209099 0.000000
45875  -58.047058  -26.144222  3.350918 0.000000
45876  -58.669147  -26.350164  3.761983 0.000000
45877  -59.048023  -25.864899  3.484556 0.000000
45878  -60.077320  -25.587299  3.604788 0.000000
45879  -59.452343  -25.399591  3.204738 0.000000
47549  -46.788162  -26.514521  1.630804 0.000000
47550  -47.247032  -25.868565  1.581762 0.000000
47551  -46.527740  -26.328766  2.003634 0.000000
47552  -45.576416  -26.784748  5.701598 0.000000
47553  -46.105255  -26.322763  5.159934 0.000000
47554  -46.026501  -26.345413  5.752203 0.000000
47555  -46.512062  -25.855408  5.794383 0.000000
47556  -45.970009  -26.285568  6.359301 0.000000
47557  -40.481632  -29.269516  10.209257 0.000000
47558  -41.229382  -29.096943  9.655313 0.000000
47559  -40.890125  -28.770243  10.103211 0.000000
47648  -36.437325  -35.221722  18.772587 0.000000
47649  -36.890503  -35.064796  19.068192 0.000000
47650  -36.642262  -35.627838  18.205952 0.000000
47651  -38.301949  -38.316040  15.889109 0.000000
47652  -38.161774  -37.959251  16.538424 0.000000
47653  -38.463737  -38.262512  16.473988 0.000000
47654  -38.657696  -38.198265  17.050400 0.000000
47655  -38.804340  -38.584972  16.428043 0.000000
47656  -39.172504  -38.891277  16.417171 0.000000
47657  -39.026985  -38.894341  15.812616 0.000000
47658  -41.980087  -38.833611  11.135543 0.000000
47659  -41.898922  -39.182610  11.798774 0.000000
47660  -42.553230  -38.991676  11.236648 0.000000
47661  -43.120079  -39.070263  11.278056 0.000000
47662  -43.206886  -38.717354  10.717239 0.000000
47663  -43.828327  -38.446938  10.338832 0.000000
47664  -43.233097  -38.378540  10.232492 0.000000
47665  -42.960285  -35.948837  6.983308 0.000000
47666  -43.552036  -35.993362  7.104410 0.000000
47667  -43.631538  -35.588688  6.617742 0.000000
47668  -44.321201  -35.195335  6.297310 0.000000
47669  -43.712353  -35.157330  6.136518 0.000000
47670  -38.898964  -34.530487  7.824934 0.000000
47671  -39.318501  -34.746208  7.461952 0.000000
47672  -39.463428  -34.304047  7.091773 0.000000
47673  -43.468655  -31.997915  3.368593 0.000000
47674  -43.298798  -32.536224  3.690089 0.000000
47675  -44.000744  -32.200840  3.336540 0.000000
47676  -44.595589  -32.313850  3.377820 0.000000
47677  -44.742561  -31.796152  3.024989 0.000000
47678  -45.464134  -31.417072  2.759266 0.000000
47679  -44.904106  -31.239124  2.676955 0.000000
47680  -45.786072  -27.546133  2.034309 0.000000
47681  -46.254826  -27.673817  1.667528 0.000000
47682  -46.511723  -27.100336  1.637617 0.000000
47683  -47.302013  -26.674555  1.280116 0.000000
51352  -50.119751  -22.284698  1.562113 0.000000
51353  -50.924019  -21.784597  1.096195 0.000000
51354  -50.613201  -21.713749  1.525702 0.000000
51675  -59.123363  -37.969994  12.566204 0.000000
51677  -59.863476  -37.744843  12.457232 0.000000
51690  -48.021477  -36.312469  8.713066 0.000000
51691  -48.788986  -36.329395  8.879588 0.000000
51692  -48.805859  -35.864342  8.508040 0.000000
51693  -54.349354  -33.403599  7.617557 0.000000
51694  -54.234596  -33.844555  7.949704 0.000000
51695  -55.200737  -33.516937  7.823049 0.000000
51696  -55.974903  -33.616722  8.061199 0.000000
51697  -56.146233  -33.218758  7.773763 0.000000
51698  -55.158241  -29.612621  5.184317 0.000000
51699  -54.995117  -30.148785  5.523685 0.000000
51700  -56.001812  -29.810806  5.556603 0.000000
51701  -61.996101  -30.547907  7.385144 0.000000
51702  -61.149281  -30.858479  7.339226 0.000000
51703  -61.930798  -30.954727  7.615108 0.000000
51704  -61.778923  -31.372959  7.846792 0.000000
51705  -62.605713  -31.097416  7.906796 0.000000
51706  -63.171154  -31.315151  8.142603 0.000000
51707  -63.309742  -30.900051  7.881064 0.000000
54089  -34.905464  -32.390327  13.977053 0.000000
54090  -35.283314  -32.067543  13.587277 0.000000
54091  -34.596336  -32.081341  14.233747 0.000000
54123  -33.520325  -33.180073  16.984776 0.000000
54124  -33.567497  -33.311150  17.509052 0.000000
54125  -33.829079  -33.586132  16.612932 0.000000
54126  -34.144978  -34.011162  16.147097 0.000000
54127  -34.163616  -33.826027  15.631027 0.000000
54128  -34.580421  -33.894680  14.692517 0.000000
54129  -34.315224  -33.554512  15.239962 0.000000
54130  -34.176147  -32.628021  15.012056 0.000000
54131  -34.535797  -32.982239  14.598618 0.000000
54132  -34.693291  -32.670483  14.291287 0.000000
54133  -35.225288  -32.672836  13.542280 0.000000
55349  -58.071331  -22.604204  1.016473 0.000000
55351  -57.672810  -22.298534  0.870886 0.000000
55352  -55.892982  -21.902195  0.524636 0.000000
55353  -56.863049  -21.689327  0.630114 0.000000
55354  -56.415638  -21.408413  0.553339 0.000000
55356  -55.924297  -21.130140  0.512241 0.000000
55448  -43.912769  -40.371567  14.152277 0.000000
55449  -43.837784  -40.554390  14.869856 0.000000
55450  -44.510357  -40.461605  14.274780 0.000000
55451  -46.432495  -40.377987  14.070358 0.000000
55452  -45.707928  -40.564323  14.572909 0.000000
55453  -46.269215  -40.618237  14.782652 0.000000
55454  -46.145432  -40.817455  15.535246 0.000000
55455  -46.890301  -40.664787  14.981137 0.000000
55456  -47.486500  -40.702831  15.159215 0.000000
55457  -47.595409  -40.490932  14.472333 0.000000
55458  -49.387794  -39.684414  13.043249 0.000000
55459  -49.186043  -40.001453  13.660429 0.000000
55460  -50.019066  -39.699139  13.281702 0.000000
55461  -50.645363  -39.711487  13.534825 0.000000
55462  -50.904839  -39.362846  12.924227 0.000000
55463  -51.670288  -39.069828  12.724666 0.000000
55464  -51.031319  -39.047874  12.453802 0.000000
55465  -50.673252  -38.299843  11.305044 0.000000
55466  -51.311241  -38.373009  11.585932 0.000000
55467  -51.483223  -37.975922  11.135965 0.000000
55468  -52.316170  -37.653763  10.941309 0.000000
55469  -51.638897  -37.556377  10.714243 0.000000
55470  -51.480743  -26.684875  1.304751 0.000000
55471  -52.125305  -26.846973  1.628851 0.000000
55472  -52.496010  -26.295826  1.392939 0.000000
55473  -54.829601  -25.114325  1.416572 0.000000
55474  -54.428490  -25.648218  1.636750 0.000000
55475  -55.477161  -25.317125  1.760686 0.000000
55476  -56.135571  -25.506821  2.109800 0.000000
55477  -56.584003  -25.003695  1.879598 0.000000
55478  -57.631702  -24.745630  2.003256 0.000000
55479  -56.932831  -24.542835  1.679350 0.000000
55480  -56.832336  -23.346233  1.044295 0.000000
55481  -57.555756  -23.541996  1.277946 0.000000
55482  -57.805580  -23.069790  1.118370 0.000000
55483  -58.788837  -22.773491  1.207349 0.000000
57149  -44.284019  -28.357584  3.473095 0.000000
57150  -44.790047  -27.747375  3.433197 0.000000
57151  -44.215576  -28.260754  3.985957 0.000000
57152  -43.661915  -28.642109  5.669700 0.000000
57153  -44.188175  -28.191793  5.044221 0.000000
57154  -44.191345  -28.178562  5.589536 0.000000
57155  -44.705551  -27.700687  5.615563 0.000000
57156  -44.154137  -28.153067  6.200518 0.000000
57248  -36.370831  -36.778320  15.086728 0.000000
57249  -36.581490  -36.859184  15.634288 0.000000
57250  -36.741123  -37.127422  14.784795 0.000000
57251  -37.866161  -37.937824  13.478045 0.000000
57252  -37.512203  -37.795376  14.251226 0.000000
57253  -37.942017  -38.108074  14.068723 0.000000
57254  -38.035316  -38.235329  14.664719 0.000000
57255  -38.382099  -38.404854  13.867781 0.000000
57256  -38.807240  -38.670036  13.797833 0.000000
57257  -38.764908  -38.489319  13.175421 0.000000
57258  -39.757309  -38.143482  11.144545 0.000000
57259  -39.743431  -38.451012  11.760393 0.000000
57260  -40.310211  -38.340523  11.034323 0.000000
57261  -40.857616  -38.533997  11.055403 0.000000
57262  -40.929695  -38.215080  10.446196 0.000000
57263  -41.498322  -38.039696  9.927904 0.000000
57264  -40.958229  -37.900181  9.908110 0.000000
57265  -40.471390  -37.030861  8.849470 0.000000
57266  -41.042007  -37.200855  8.833330 0.000000
57267  -41.087093  -36.810463  8.320710 0.000000
57268  -41.723610  -36.545216  7.799605 0.000000
57269  -41.121704  -36.435627  7.825147 0.000000
57270  -39.744968  -32.750320  6.774968 0.000000
57271  -40.068073  -32.936409  6.238794 0.000000
57272  -40.330067  -32.465675  6.043623 0.000000
57273  -41.838081  -31.237909  4.503816 0.000000
57274  -41.522957  -31.778316  4.721447 0.000000
57275  -42.139366  -31.416473  4.130956 0.000000
57276  -42.528282  -31.596930  3.750463 0.000000
57277  -42.770313  -31.058008  3.592562 0.000000
57278  -43.408024  -30.715326  3.094504 0.000000
57279  -42.999165  -30.507034  3.439282 0.000000
57280  -43.331345  -29.317938  3.962621 0.000000
57281  -43.578045  -29.418606  3.377330 0.000000
57282  -43.928875  -28.872431  3.414043 0.000000
57283  -44.539043  -28.415564  2.878824 0.000000
61275  -60.029060  -36.282070  11.028169 0.000000
61276  -60.539146  -36.505753  11.305679 0.000000
61277  -60.745934  -36.075405  10.978370 0.000000
61278  -62.448017  -35.191525  10.463909 0.000000
61279  -62.177288  -35.612419  10.760252 0.000000
61280  -62.825829  -35.506660  10.640601 0.000000
61281  -63.197762  -35.898399  10.826389 0.000000
61282  -63.416149  -35.511314  10.482970 0.000000
61284  -63.662579  -35.141506  10.180883 0.000000
61285  -63.819458  -33.918182  9.643616 0.000000
61286  -64.114670  -34.332108  9.671549 0.000000
61287  -64.341484  -33.916336  9.460930 0.000000
61289  -64.490723  -33.519238  9.240581 0.000000
61290  -48.169167  -34.450474  6.937852 0.000000
61291  -48.927197  -34.486919  7.315787 0.000000
61292  -49.000172  -34.024544  6.895216 0.000000
61293  -50.901386  -32.824459  6.455258 0.000000
61294  -50.833893  -33.276066  6.842189 0.000000
61295  -51.712318  -32.957584  6.820203 0.000000
61296  -52.590637  -33.116478  7.079510 0.000000
61297  -52.675575  -32.666649  6.759903 0.000000
61298  -59.051201  -28.517838  5.483485 0.000000
61299  -58.913719  -28.959803  5.668255 0.000000
61300  -59.842266  -28.677929  5.758069 0.000000
61301  -62.320721  -28.824871  6.540651 0.000000
61302  -61.470634  -29.068964  6.415944 0.000000
61303  -62.269066  -29.294699  6.747743 0.000000
61304  -62.180214  -29.742050  6.965318 0.000000
61305  -63.016571  -29.502832  6.986924 0.000000
61306  -63.609833  -29.685535  7.072141 0.000000
61307  -63.726398  -29.318775  6.860053 0.000000
61308  -64.885979  -28.827442  6.072305 0.000000
61309  -64.796921  -29.176764  6.417008 0.000000
61310  -65.074364  -29.253117  6.038726 0.000000
61311  -65.188354  -29.705074  5.895258 0.000000
61312  -65.245178  -29.374104  5.593474 0.000000
61314  -65.306259  -29.062429  5.288392 0.000000
61315  -65.343346  -27.779530  4.758358 0.000000
61316  -65.395004  -28.328846  4.587422 0.000000
61317  -65.407410  -27.996624  4.208614 0.000000
61319  -65.459122  -27.669718  3.802838 0.000000
64349  -39.834236  -31.406439  8.434364 0.000000
64350  -40.366684  -31.000828  8.324415 0.000000
64351  -39.745716  -31.219522  8.988862 0.000000
64352  -38.846806  -30.925709  10.569402 0.000000
64353  -39.549255  -30.800726  9.962881 0.000000
64354  -39.317757  -30.549189  10.458975 0.000000
64355  -39.692631  -30.189032  10.378514 0.000000
64356  -39.008217  -30.263485  10.922949 0.000000
64357  -36.039108  -31.312252  12.973772 0.000000
64358  -36.733109  -31.228928  12.470018 0.000000
64359  -36.415909  -30.934088  12.766346 0.000000
64360  -36.768623  -29.885229  12.276625 0.000000
64361  -37.199650  -30.125957  12.251892 0.000000
64362  -37.555153  -29.768475  11.980898 0.000000
64363  -38.319847  -29.631220  11.603505 0.000000
64364  -37.845867  -29.352558  11.714144 0.000000
64365  -38.128731  -28.942135  11.458025 0.000000
64366  -37.378582  -29.111765  11.701292 0.000000
64443  -35.807991  -33.312641  20.521856 0.000000
64444  -36.295753  -33.181549  20.751797 0.000000
64445  -35.940517  -33.832466  20.163364 0.000000
64446  -36.110630  -34.292992  19.787060 0.000000
64447  -35.656139  -34.434612  19.448664 0.000000
64448  -34.144325  -33.549625  19.023977 0.000000
64449  -34.465862  -33.554024  19.482178 0.000000
64450  -34.386486  -34.053909  18.612234 0.000000
64451  -34.884270  -35.270943  16.583271 0.000000
64452  -34.825966  -34.957874  17.634508 0.000000
64453  -35.098774  -35.332390  17.142910 0.000000
64454  -35.372528  -35.343052  17.659788 0.000000
64455  -35.403847  -35.698502  16.613876 0.000000
64456  -35.719585  -36.055092  16.066021 0.000000
64457  -35.518791  -36.006718  15.535233 0.000000
64458  -36.086658  -36.080330  12.916124 0.000000
64459  -36.107262  -36.324806  13.477328 0.000000
64460  -36.517948  -36.379448  12.518786 0.000000
64461  -36.940304  -36.664742  12.188912 0.000000
64462  -36.971390  -36.377308  11.602326 0.000000
64463  -37.446480  -36.299484  10.843886 0.000000
64464  -37.005108  -36.034077  11.150487 0.000000
64465  -36.675823  -35.060139  10.765039 0.000000
64466  -37.097504  -35.331169  10.350508 0.000000
64467  -37.179676  -34.959095  10.028523 0.000000
64468  -37.741570  -34.823215  9.288144 0.000000
64469  -37.320457  -34.581631  9.730538 0.000000
64470  -35.387123  -33.941242  12.935730 0.000000
64471  -35.634365  -34.216087  12.367319 0.000000
64472  -35.828827  -33.859871  12.067839 0.000000
64473  -37.179279  -33.209068  10.176844 0.000000
64474  -36.890255  -33.600254  10.392926 0.000000
64475  -37.440891  -33.465416  9.673938 0.000000
64476  -37.729561  -33.759689  9.177309 0.000000
64477  -38.022087  -33.317436  8.947833 0.000000
64478  -38.601086  -33.153969  8.221997 0.000000
64479  -38.349598  -32.913841  8.737612 0.000000
64480  -38.820473  -31.951168  9.186508 0.000000
64481  -39.068741  -32.125603  8.491875 0.000000
64482  -39.435997  -31.752829  8.468305 0.000000
64483  -40.044285  -31.527538  7.752469 0.000000
68423  -40.448753  -38.788429  19.319500 0.000000
68425  -40.772507  -39.104836  19.468922 0.000000
68426  -41.857269  -40.069992  19.074560 0.000000
68427  -41.531151  -39.668171  19.739151 0.000000
68428  -41.981686  -39.925171  19.758852 0.000000
68430  -42.433434  -40.146278  19.862553 0.000000
68431  -43.766323  -40.795837  16.326960 0.000000
68432  -43.230412  -40.707863  16.999416 0.000000
68433  -43.723961  -40.831490  17.163828 0.000000
68434  -44.177700  -40.999104  18.842476 0.000000
68435  -43.694176  -40.841759  18.737698 0.000000
68436  -43.732216  -40.839172  19.439278 0.000000
68437  -43.330406  -40.616371  20.028263 0.000000
68438  -43.791470  -40.848034  20.104523 0.000000
68440  -44.249569  -41.068848  20.174759 0.000000
68453  -48.566193  -40.860931  15.665668 0.000000
68454  -48.390472  -41.124321  16.329788 0.000000
68455  -49.098625  -40.933586  15.899768 0.000000
68470  -55.789330  -38.905109  13.188718 0.000000
68472  -56.643932  -38.694283  13.003713 0.000000
68473  -57.450970  -38.494591  12.831212 0.000000
68474  -56.875305  -38.362438  12.536591 0.000000
68475  -53.310158  -38.513470  12.236165 0.000000
68476  -53.940907  -38.646736  12.446260 0.000000
68477  -54.130360  -38.291000  11.991176 0.000000
68478  -56.022766  -37.337624  11.152273 0.000000
68479  -55.842323  -37.732929  11.577440 0.000000
68480  -56.746178  -37.407436  11.389229 0.000000
68481  -57.403339  -37.534950  11.659189 0.000000
68482  -57.593178  -37.095959  11.249586 0.000000
68483  -58.476574  -36.785946  11.142433 0.000000
68484  -57.780548  -36.652222  10.884340 0.000000
68485  -57.554615  -35.612511  9.936895 0.000000
68486  -58.240295  -35.710289  10.213810 0.000000
68487  -58.403877  -35.278851  9.889842 0.000000
68488  -59.274883  -34.988625  9.867821 0.000000
68489  -58.584454  -34.885052  9.574002 0.000000
68490  -49.505898  -30.906393  3.741642 0.000000
68491  -50.130409  -30.916260  4.138737 0.000000
68492  -50.325279  -30.461868  3.772245 0.000000
68493  -52.291454  -29.193979  3.564894 0.000000
68494  -52.044178  -29.635265  3.878861 0.000000
68495  -52.964439  -29.246765  3.961304 0.000000
68496  -53.646626  -29.363150  4.399698 0.000000
68497  -53.899864  -28.873972  4.053348 0.000000
68498  -53.406422  -27.182199  2.359189 0.000000
68499  -53.126415  -27.688931  2.651074 0.000000
68500  -54.059132  -27.361425  2.767426 0.000000
68501  -56.328442  -27.348948  3.704833 0.000000
68502  -55.378765  -27.669363  3.565590 0.000000
68503  -56.044319  -27.821228  3.977046 0.000000
68504  -55.749798  -28.259592  4.238939 0.000000
68505  -56.755932  -27.996098  4.390918 0.000000
68506  -57.539917  -28.177753  4.804873 0.000000
68507  -57.694347  -27.740204  4.535497 0.000000
68508  -59.945068  -26.716528  4.598374 0.000000
68509  -59.678883  -27.202168  4.855932 0.000000
68510  -60.600639  -26.920557  5.026654 0.000000
68511  -61.440155  -27.038137  5.323769 0.000000
68512  -61.629833  -26.606409  5.119000 0.000000
68513  -62.581963  -26.310495  5.197524 0.000000
68514  -61.860462  -26.180689  4.920939 0.000000
68515  -61.907818  -25.090820  3.834502 0.000000
68516  -62.474316  -25.296734  4.244079 0.000000
68517  -62.719013  -24.836542  3.869251 0.000000
68518  -63.476124  -24.627670  3.813734 0.000000
68519  -63.018288  -24.354839  3.492088 0.000000
68520  -59.615410  -24.196152  2.215777 0.000000
68521  -60.237598  -24.443134  2.587211 0.000000
68522  -60.522179  -23.889252  2.330820 0.000000
73529  -50.153408  -24.891342  0.518422 0.000000
73530  -50.617779  -24.233204  0.407668 0.000000
73531  -49.720039  -24.599453  0.603655 0.000000
73532  -48.198032  -24.577965  1.520138 0.000000
73533  -49.037292  -24.083567  1.098812 0.000000
73534  -48.692055  -24.014498  1.543666 0.000000
73535  -49.163261  -23.441729  1.515589 0.000000
73536  -48.468765  -23.959595  2.030801 0.000000
73537  -45.810402  -26.576611  3.462567 0.000000
73538  -46.321846  -26.098211  2.965266 0.000000
73539  -46.274147  -26.070715  3.476863 0.000000
73540  -47.178123  -25.223743  4.089234 0.000000
73541  -47.211529  -25.127724  3.567356 0.000000
73542  -47.679596  -24.626781  3.588315 0.000000
73543  -48.234009  -24.013454  3.082093 0.000000
73544  -48.167645  -24.117731  3.601514 0.000000
73545  -48.631317  -23.653318  3.622591 0.000000
73546  -48.131996  -24.235916  4.154033 0.000000
73552  -41.431988  -30.104761  8.213679 0.000000
73553  -42.055214  -29.778301  7.532745 0.000000
73554  -41.946861  -29.659809  8.111406 0.000000
73555  -42.607597  -28.603039  8.613841 0.000000
73556  -42.917652  -28.769321  8.026518 0.000000
73557  -43.249447  -28.328190  8.074059 0.000000
73558  -43.862782  -28.034897  7.494546 0.000000
73559  -43.681202  -27.840527  8.085419 0.000000
73823  -38.015221  -32.529022  21.114761 0.000000
73825  -38.140991  -32.990059  20.755779 0.000000
73826  -37.871643  -34.656914  19.369345 0.000000
73827  -38.307148  -33.971615  19.935673 0.000000
73828  -38.373138  -34.435329  19.387955 0.000000
73830  -38.471844  -34.839790  18.941147 0.000000
73831  -37.021378  -36.793346  16.582300 0.000000
73832  -37.097599  -36.342022  17.315094 0.000000
73833  -37.338150  -36.738045  16.979914 0.000000
73834  -38.170479  -36.911110  17.481380 0.000000
73835  -38.027290  -36.464043  17.674135 0.000000
73836  -38.406647  -36.294773  17.910267 0.000000
73837  -38.675217  -35.666710  18.250031 0.000000
73838  -38.834709  -36.095016  18.072161 0.000000
73840  -38.913708  -36.524437  18.089422 0.000000
73841  -39.093819  -37.839024  18.060923 0.000000
73842  -39.187752  -37.269039  18.378784 0.000000
73843  -39.369068  -37.599529  18.545704 0.000000
73845  -39.586811  -37.909782  18.730185 0.000000
73846  -39.844257  -38.231739  18.931087 0.000000
73847  -39.624882  -38.461876  18.321095 0.000000
73848  -39.994667  -39.427757  16.477755 0.000000
73849  -40.044792  -39.354267  17.200548 0.000000
73850  -40.399609  -39.652214  16.566490 0.000000
73851  -40.808857  -39.872337  16.637369 0.000000
73852  -40.784828  -39.887733  15.914713 0.000000
73853  -39.733486  -39.164776  13.747101 0.000000
73854  -39.754322  -39.295944  14.413083 0.000000
73855  -40.207123  -39.376740  13.737409 0.000000
73856  -41.774555  -39.748955  13.104022 0.000000
73857  -41.233791  -39.782223  13.796366 0.000000
73858  -41.745304  -39.939068  13.801770 0.000000
73859  -41.722553  -40.085907  14.500648 0.000000
73860  -42.271027  -40.081154  13.855352 0.000000
73861  -42.818470  -40.205303  13.923015 0.000000
73862  -42.865440  -40.008369  13.217214 0.000000
73863  -44.342762  -39.234665  11.493195 0.000000
73864  -44.250881  -39.566547  12.095870 0.000000
73865  -44.957195  -39.288410  11.637050 0.000000
73866  -45.558857  -39.345837  11.801640 0.000000
73867  -45.666039  -39.003716  11.228643 0.000000
73868  -46.372013  -38.696510  10.919492 0.000000
73869  -45.763302  -38.614143  10.724924 0.000000
73870  -45.165344  -37.774292  9.640411 0.000000
73871  -45.821308  -37.811310  9.786726 0.000000
73872  -45.826691  -37.396484  9.343695 0.000000
73873  -46.490410  -37.068073  9.112737 0.000000
73874  -45.865551  -36.995270  8.903440 0.000000
73875  -42.675995  -37.514061  9.010069 0.000000
73876  -43.278191  -37.612995  9.168930 0.000000
73877  -43.331665  -37.212696  8.631529 0.000000
73878  -44.723301  -36.071674  7.484778 0.000000
73879  -44.673077  -36.481232  7.991681 0.000000
73880  -45.363426  -36.060860  7.693679 0.000000
73881  -45.945820  -36.123352  7.955440 0.000000
73882  -46.028076  -35.682709  7.430303 0.000000
73883  -46.728249  -35.275547  7.216374 0.000000
73884  -46.108841  -35.256161  6.937856 0.000000
73885  -45.730347  -34.384834  5.803646 0.000000
73886  -46.311806  -34.438572  6.087588 0.000000
73887  -46.436150  -33.973530  5.635992 0.000000
73888  -47.173958  -33.553974  5.483211 0.000000
73889  -46.593330  -33.535732  5.211371 0.000000
73890  -38.403328  -36.131187  9.461000 0.000000
73891  -38.924564  -36.394020  9.248767 0.000000
73892  -38.972107  -36.022999  8.803339 0.000000
73893  -40.240479  -35.216194  7.023959 0.000000
73894  -40.160992  -35.677208  7.485638 0.000000
73895  -40.745808  -35.425690  6.906465 0.000000
73896  -41.257347  -35.604633  6.857676 0.000000
73897  -41.364445  -35.160969  6.339293 0.000000
73898  -40.784660  -33.362701  5.449047 0.000000
73899  -40.591457  -33.861320  5.804639 0.000000
73900  -41.240223  -33.551453  5.189502 0.000000
73901  -42.952843  -33.530556  4.461701 0.000000
73902  -42.259644  -33.893932  4.926632 0.000000
73903  -42.808056  -34.021889  4.918394 0.000000
73904  -42.714363  -34.514137  5.405717 0.000000
73905  -43.347919  -34.153576  5.025804 0.000000
73906  -43.930737  -34.241211  5.162516 0.000000
73907  -44.046581  -33.772209  4.698691 0.000000
73908  -45.660805  -32.523209  3.737933 0.000000
73909  -45.496487  -33.000675  4.189847 0.000000
73910  -46.280033  -32.549919  4.000039 0.000000
73911  -46.907650  -32.580112  4.294564 0.000000
73912  -47.062004  -32.082573  3.843893 0.000000
73913  -47.837143  -31.681873  3.763682 0.000000
73914  -47.221245  -31.630932  3.437271 0.000000
73915  -47.011383  -30.551056  2.390444 0.000000
73916  -47.616302  -30.639551  2.647530 0.000000
73917  -47.799812  -30.121582  2.282119 0.000000
73918  -48.647232  -29.705084  2.289228 0.000000
73919  -48.048466  -29.572628  1.994072 0.000000
73920  -44.809124  -29.881021  2.272228 0.000000
73921  -45.339539  -30.031702  2.124229 0.000000
73922  -45.544395  -29.426596  1.904704 0.000000
73923  -47.372040  -28.018581  1.298369 0.000000
73924  -47.137741  -28.572048  1.448408 0.000000
73925  -47.972351  -28.168615  1.292960 0.000000
73926  -48.539471  -28.376627  1.413194 0.000000
73927  -48.797169  -27.792797  1.214876 0.000000
73928  -49.663960  -27.415182  1.182566 0.000000
73929  -49.012054  -27.220276  1.003920 0.000000
73930  -48.941177  -25.827078  0.768187 0.000000
73931  -49.512871  -26.096741  0.727143 0.000000
73932  -49.877399  -25.469450  0.603881 0.000000
73933  -50.823036  -25.125336  0.524389 0.000000
84937  -51.700195  -22.990005  0.304693 0.000000
84938  -52.749886  -22.661316  0.266561 0.000000
84939  -52.320496  -22.381529  0.268747 0.000000
84940  -52.843422  -21.021175  0.499861 0.000000
84941  -53.373566  -21.243155  0.382162 0.000000
84942  -53.894493  -20.730013  0.439345 0.000000
84943  -54.895000  -20.558697  0.500498 0.000000
84944  -54.373913  -20.290289  0.574936 0.000000
85913  -61.533569  -36.949554  11.792088 0.000000
85914  -61.294861  -37.401077  12.140988 0.000000
85915  -61.904778  -37.286228  11.959925 0.000000
85950  -47.904232  -38.005405  10.350249 0.000000
85951  -48.607929  -38.087757  10.568174 0.000000
85952  -48.676250  -37.664040  10.123746 0.000000
85953  -50.376457  -36.535572  9.402928 0.000000
85954  -50.296745  -36.997284  9.801796 0.000000
85955  -51.132122  -36.615761  9.647473 0.000000
85956  -51.851646  -36.715500  9.890253 0.000000
85957  -51.981647  -36.255085  9.499939 0.000000
85958  -50.578682  -34.636665  7.902215 0.000000
85959  -50.555389  -35.102753  8.262946 0.000000
85960  -51.436054  -34.790661  8.180037 0.000000
85961  -54.064476  -34.668781  8.524179 0.000000
85962  -53.085522  -34.990295  8.652428 0.000000
85963  -53.904076  -35.101879  8.851293 0.000000
85964  -53.730396  -35.551357  9.149979 0.000000
85965  -54.637825  -35.247269  8.987321 0.000000
85966  -55.346905  -35.338711  9.176533 0.000000
85967  -55.516594  -34.911755  8.864738 0.000000
85968  -57.516705  -33.845757  8.474536 0.000000
85969  -57.311836  -34.251289  8.780230 0.000000
85970  -58.209442  -33.962238  8.755952 0.000000
85971  -58.930859  -34.061657  9.035810 0.000000
85972  -59.131756  -33.653114  8.770658 0.000000
85973  -51.481224  -31.021194  4.958533 0.000000
85974  -51.339226  -31.429981  5.289060 0.000000
85975  -52.205482  -31.122456  5.369658 0.000000
85976  -54.837891  -31.139721  6.134704 0.000000
85977  -53.816719  -31.442648  6.113286 0.000000
85978  -54.782238  -31.630188  6.410384 0.000000
85979  -54.659058  -32.109566  6.718848 0.000000
85980  -55.619469  -31.800095  6.677253 0.000000
85981  -58.695995  -29.921335  6.097487 0.000000
85982  -57.760132  -30.197271  6.052216 0.000000
85983  -58.591789  -30.413876  6.337333 0.000000
85984  -59.328667  -31.469519  7.162259 0.000000
85985  -58.386372  -31.329754  6.823445 0.000000
85986  -58.313892  -31.754726  7.122502 0.000000
85987  -57.334362  -32.085148  7.101949 0.000000
85988  -58.159767  -32.192047  7.391634 0.000000
85989  -57.968578  -32.643669  7.684580 0.000000
85990  -58.957050  -32.325714  7.698418 0.000000
85991  -61.456158  -32.193146  8.328673 0.000000
85992  -60.483356  -32.474297  8.271809 0.000000
85993  -61.209435  -32.614990  8.580256 0.000000
85994  -60.996590  -33.047569  8.815816 0.000000
85995  -61.860443  -32.799400  8.876856 0.000000
85996  -62.452690  -33.015221  9.154697 0.000000
85997  -62.705223  -32.596073  8.901348 0.000000
85998  -64.072906  -31.889008  8.549237 0.000000
85999  -63.989086  -32.309105  8.850042 0.000000
86000  -64.458267  -32.278366  8.671326 0.000000
86001  -64.721222  -32.727058  8.748610 0.000000
86002  -64.777588  -32.347919  8.371805 0.000000
86003  -64.453049  -30.359486  7.191232 0.000000
86004  -64.366600  -30.770590  7.531457 0.000000
86005  -64.743446  -30.780401  7.214362 0.000000
86040  -64.106750  -26.002853  4.944753 0.000000
86041  -64.555466  -26.386723  4.992491 0.000000
86042  -64.711098  -25.981451  4.670754 0.000000
92357  -33.741730  -32.301323  15.329068 0.000000
92358  -33.960182  -32.044579  14.872724 0.000000
92380  -33.536182  -33.017651  16.473135 0.000000
92381  -33.990711  -33.189507  15.704867 0.000000
92382  -33.623726  -32.793316  16.068424 0.000000
92383  -33.685646  -32.545902  15.704738 0.000000
93113  -56.097557  -23.129704  0.817346 0.000000
93114  -56.679878  -22.546711  0.761383 0.000000
93115  -55.687183  -22.788933  0.623899 0.000000
93116  -55.316139  -22.463268  0.518131 0.000000
93117  -54.879486  -22.154020  0.417583 0.000000
93173  -45.333920  -39.998634  13.027750 0.000000
93174  -45.237465  -40.283089  13.713234 0.000000
93175  -45.973179  -40.052265  13.221527 0.000000
93176  -46.605579  -40.101543  13.416067 0.000000
93177  -47.219196  -40.151711  13.603712 0.000000
93178  -47.776405  -40.225174  13.833023 0.000000
93179  -47.998459  -39.921028  13.209949 0.000000
93180  -48.795013  -39.654778  12.845899 0.000000
93181  -49.629978  -39.312824  12.468811 0.000000
93182  -50.385876  -39.008282  12.216902 0.000000
93183  -49.770592  -38.969082  11.981331 0.000000
93184  -49.876774  -38.619129  11.507654 0.000000
93185  -49.984333  -38.227242  11.038596 0.000000
93186  -52.068916  -25.607168  0.915615 0.000000
93187  -52.795116  -25.767010  1.184592 0.000000
93188  -53.068810  -25.272142  1.001361 0.000000
93189  -54.153893  -24.925249  1.106349 0.000000
93190  -55.225708  -24.609341  1.227231 0.000000
93191  -56.245117  -24.328815  1.372308 0.000000
93192  -55.548309  -24.111725  1.069628 0.000000
93193  -55.844818  -23.617355  0.919832 0.000000
94193  -43.149391  -29.272594  4.605122 0.000000
94194  -43.657738  -28.733532  4.540493 0.000000
94195  -43.128437  -29.183929  5.143441 0.000000
94196  -43.145409  -29.122192  5.706978 0.000000
94197  -43.150200  -29.055187  6.288470 0.000000
94253  -36.934090  -37.113686  13.311625 0.000000
94254  -36.997566  -37.328396  13.909845 0.000000
94255  -37.373909  -37.416206  13.049088 0.000000
94256  -37.822060  -37.711395  12.842084 0.000000
94257  -38.298473  -37.992393  12.661320 0.000000
94258  -38.794876  -38.257095  12.507309 0.000000
94259  -38.769550  -37.971039  11.909239 0.000000
94260  -39.255085  -37.916843  11.202804 0.000000
94261  -39.846455  -37.838268  10.503688 0.000000
94262  -40.410137  -37.710346  9.909241 0.000000
94263  -39.881073  -37.517952  9.945772 0.000000
94264  -39.919891  -37.190762  9.412405 0.000000
94265  -39.935932  -36.832733  8.942709 0.000000
94266  -40.382164  -31.832584  6.509218 0.000000
94267  -40.620598  -31.971630  5.918738 0.000000
94268  -40.963718  -31.478382  5.779896 0.000000
94269  -41.581581  -31.107782  5.053126 0.000000
94270  -42.114113  -30.730228  4.458968 0.000000
94271  -42.670845  -30.357418  3.913101 0.000000
94272  -42.421333  -30.230261  4.472443 0.000000
94273  -42.773201  -29.728006  4.509326 0.000000
96669  -60.467613  -35.360386  10.393135 0.000000
96670  -60.970592  -35.568443  10.613978 0.000000
96671  -61.236671  -35.126488  10.345149 0.000000
96672  -62.020428  -34.921989  10.292229 0.000000
96673  -62.736633  -34.781242  10.187709 0.000000
96674  -63.354950  -34.737919  10.070396 0.000000
96675  -62.967598  -34.364967  9.950930 0.000000
96676  -63.214405  -33.952240  9.769175 0.000000
96677  -63.466908  -33.549644  9.567312 0.000000
96678  -48.394737  -33.556244  6.099475 0.000000
96679  -49.111015  -33.581833  6.472771 0.000000
96680  -49.204872  -33.126572  6.046587 0.000000
96681  -50.112148  -32.719543  6.040209 0.000000
96682  -51.025017  -32.361359  6.087065 0.000000
96683  -60.998974  -27.928295  5.711323 0.000000
96684  -60.827728  -28.395245  5.864637 0.000000
96685  -61.745850  -28.112753  6.002556 0.000000
96686  -62.461647  -28.351955  6.296172 0.000000
96687  -63.171547  -28.631842  6.545815 0.000000
96688  -63.858604  -28.908148  6.685568 0.000000
96689  -63.936443  -28.484518  6.447572 0.000000
96690  -64.493774  -28.405390  6.176438 0.000000
96691  -64.900436  -28.456049  5.798130 0.000000
96692  -65.207687  -28.544041  5.443984 0.000000
96693  -64.969955  -28.112549  5.545027 0.000000
96694  -65.064003  -27.695932  5.222484 0.000000
96695  -65.172974  -27.283588  4.903386 0.000000
98513  -38.587627  -31.774609  9.821574 0.000000
98514  -39.115215  -31.390980  9.665277 0.000000
98515  -38.476112  -31.546444  10.285421 0.000000
98516  -38.334675  -31.301220  10.728390 0.000000
98517  -38.139778  -31.034153  11.195246 0.000000
98518  -35.248405  -30.794861  13.208742 0.000000
98519  -36.077213  -30.650089  12.882692 0.000000
98520  -35.634521  -30.445660  12.866934 0.000000
98521  -36.004696  -30.057003  12.558748 0.000000
98522  -36.313194  -29.695520  12.201841 0.000000
98523  -36.630493  -29.316269  11.881907 0.000000
98572  -35.296120  -33.422199  20.214293 0.000000
98573  -34.233437  -34.336205  17.104654 0.000000
98574  -34.390602  -34.461803  17.630543 0.000000
98575  -34.497673  -34.751411  16.579782 0.000000
98576  -34.771942  -35.167965  16.019032 0.000000
98577  -35.078236  -35.545559  15.472572 0.000000
98578  -35.417248  -35.887154  14.923464 0.000000
98579  -35.343933  -35.687782  14.402873 0.000000
98580  -35.674973  -35.771584  13.374957 0.000000
98581  -36.096634  -35.796906  12.366696 0.000000
98582  -36.570362  -35.761806  11.516657 0.000000
98583  -36.146252  -35.472130  11.945913 0.000000
98584  -36.196190  -35.126514  11.569975 0.000000
98585  -36.297920  -34.765739  11.220984 0.000000
98586  -35.787193  -33.259041  12.419828 0.000000
98587  -36.049770  -33.505611  11.792162 0.000000
98588  -36.313194  -33.137749  11.616719 0.000000
98589  -36.889866  -32.984413  10.797342 0.000000
98590  -37.513420  -32.836678  10.015637 0.000000
98591  -38.128952  -32.674980  9.269688 0.000000
98592  -37.845985  -32.486412  9.950903 0.000000
98593  -38.176647  -32.146610  9.907957 0.000000
100958  -40.908409  -39.724846  18.139814 0.000000
100959  -41.001396  -39.592918  18.862362 0.000000
100960  -41.338825  -39.979172  18.244015 0.000000
100961  -41.752728  -40.190269  18.335737 0.000000
100962  -42.258698  -40.401260  18.373707 0.000000
100963  -44.813240  -40.979473  16.667618 0.000000
100964  -44.244225  -40.941822  17.310898 0.000000
100965  -44.762016  -41.053703  17.430216 0.000000
100966  -44.705055  -41.127224  18.182228 0.000000
100967  -44.678772  -41.185486  18.907375 0.000000
100968  -44.698006  -41.249962  19.545502 0.000000
100969  -45.184158  -41.397137  18.908228 0.000000
100976  -50.113220  -40.357338  14.832349 0.000000
100977  -49.889381  -40.662445  15.445422 0.000000
100978  -50.726936  -40.385498  15.061099 0.000000
100987  -54.923481  -39.101994  13.432202 0.000000
100988  -55.179974  -38.820415  12.956789 0.000000
100989  -53.674751  -37.788490  11.292696 0.000000
100990  -54.344482  -37.897755  11.513243 0.000000
100991  -54.559120  -37.480049  11.070683 0.000000
100992  -55.392677  -37.195560  10.904262 0.000000
100993  -56.250305  -36.882977  10.767130 0.000000
100994  -57.164116  -36.530628  10.645239 0.000000
100995  -56.470165  -36.423592  10.394750 0.000000
100996  -56.668922  -35.990051  10.009942 0.000000
100997  -56.862530  -35.510201  9.671936 0.000000
100998  -49.868538  -29.901007  2.998726 0.000000
100999  -50.555340  -29.984964  3.415688 0.000000
101000  -50.779648  -29.473135  3.062640 0.000000
101001  -51.669380  -29.076931  3.176548 0.000000
101002  -52.559784  -28.702509  3.257442 0.000000
101003  -55.331921  -26.551899  2.611879 0.000000
101004  -54.982300  -27.050964  2.879280 0.000000
101005  -56.017944  -26.750866  3.042840 0.000000
101006  -56.687622  -26.911640  3.458632 0.000000
101007  -57.336262  -27.085468  3.885909 0.000000
101008  -57.976887  -27.280231  4.299489 0.000000
101009  -58.312408  -26.799814  4.047988 0.000000
101010  -59.306007  -26.533865  4.169316 0.000000
101011  -60.291393  -26.255884  4.324796 0.000000
101012  -61.213715  -26.025394  4.500649 0.000000
101013  -60.664867  -25.796902  4.034754 0.000000
101014  -61.012695  -25.335394  3.720526 0.000000
101015  -61.341026  -24.894596  3.435874 0.000000
101016  -60.208179  -23.107470  1.751951 0.000000
101017  -60.816345  -23.317076  2.101240 0.000000
104021  -48.370308  -25.621984  0.949127 0.000000
104022  -48.824303  -24.996609  0.838811 0.000000
104023  -47.998466  -25.404293  1.180768 0.000000
104024  -47.708485  -25.221668  1.522845 0.000000
104025  -47.490364  -25.096630  1.980010 0.000000
104026  -45.705048  -26.676716  4.551874 0.000000
104027  -46.227154  -26.144913  4.017349 0.000000
104028  -46.168419  -26.250141  4.572871 0.000000
104029  -46.662296  -25.794718  4.602210 0.000000
104030  -47.136177  -25.305906  4.627432 0.000000
104031  -47.626652  -24.824436  4.675309 0.000000
104032  -47.075340  -25.384306  5.211352 0.000000
104035  -41.080585  -29.785019  9.252086 0.000000
104036  -41.763378  -29.545135  8.638451 0.000000
104037  -41.520187  -29.357800  9.155790 0.000000
104038  -41.905804  -28.895895  9.162074 0.000000
104039  -42.294514  -28.348001  9.140410 0.000000
104198  -37.109688  -33.893906  20.258244 0.000000
104199  -37.683296  -33.680538  20.335213 0.000000
104200  -37.244423  -34.388847  19.782602 0.000000
104201  -37.385052  -34.884727  19.234467 0.000000
104202  -37.494621  -35.287605  18.745197 0.000000
104203  -37.595001  -37.587791  16.136456 0.000000
104204  -37.595898  -37.145515  16.748163 0.000000
104205  -37.859180  -37.545547  16.616718 0.000000
104206  -38.122368  -37.469772  17.077158 0.000000
104207  -38.369225  -37.319592  17.500584 0.000000
104208  -38.690231  -37.120277  17.867325 0.000000
104209  -38.597454  -37.688599  17.541124 0.000000
104210  -38.850632  -38.038586  17.569071 0.000000
104211  -39.127617  -38.361889  17.604498 0.000000
104212  -39.424240  -38.647678  17.686255 0.000000
104213  -39.301304  -38.823032  17.035107 0.000000
104214  -39.567726  -39.169426  16.431904 0.000000
104215  -39.905998  -39.432915  15.780513 0.000000
104216  -40.751495  -39.132210  12.366350 0.000000
104217  -40.727318  -39.399494  13.051455 0.000000
104218  -41.252678  -39.322357  12.425221 0.000000
104219  -41.807362  -39.501854  12.458647 0.000000
104220  -42.361275  -39.623039  12.461301 0.000000
104221  -42.929668  -39.727417  12.520601 0.000000
104222  -43.015514  -39.410328  11.874817 0.000000
104223  -43.724434  -39.160000  11.369499 0.000000
104224  -44.423607  -38.887840  10.870802 0.000000
104225  -45.137012  -38.559135  10.559896 0.000000
104226  -44.484409  -38.507088  10.436823 0.000000
104227  -44.478252  -38.150532  9.992785 0.000000
104228  -44.520863  -37.754551  9.513597 0.000000
104229  -42.844398  -36.760933  7.994737 0.000000
104230  -43.424267  -36.809925  8.111119 0.000000
104231  -43.491203  -36.389462  7.600523 0.000000
104232  -44.133972  -36.030739  7.274034 0.000000
104233  -44.805737  -35.634480  6.945191 0.000000
104234  -45.496960  -35.253254  6.691456 0.000000
104235  -44.905079  -35.230316  6.487463 0.000000
104236  -45.021320  -34.808514  6.021379 0.000000
104237  -45.141960  -34.349426  5.558295 0.000000
104238  -38.613136  -35.343018  8.562691 0.000000
104239  -39.048782  -35.627769  8.364318 0.000000
104240  -39.187500  -35.175159  7.890081 0.000000
104241  -39.749840  -34.993187  7.220610 0.000000
104242  -40.341999  -34.789516  6.590811 0.000000
104243  -42.084431  -32.693497  4.295054 0.000000
104244  -41.900024  -33.220379  4.624476 0.000000
104245  -42.590363  -32.874420  4.133491 0.000000
104246  -43.133038  -33.036758  4.063657 0.000000
104247  -43.675209  -33.174099  4.093570 0.000000
104248  -44.254005  -33.279526  4.201988 0.000000
104249  -44.415604  -32.794727  3.779676 0.000000
104250  -45.116234  -32.426033  3.491178 0.000000
104251  -45.880871  -32.000191  3.311389 0.000000
104252  -46.638161  -31.579960  3.157624 0.000000
104253  -46.082905  -31.487772  2.914436 0.000000
104254  -46.232704  -30.985022  2.554940 0.000000
104255  -46.423424  -30.413956  2.195893 0.000000
104256  -45.269417  -28.669521  2.058759 0.000000
104257  -45.787773  -28.812647  1.801315 0.000000
104258  -46.022980  -28.192791  1.680386 0.000000
104259  -46.794868  -27.834803  1.420485 0.000000
104260  -47.581112  -27.460423  1.162912 0.000000
104261  -48.361469  -27.070049  0.977652 0.000000
104262  -47.819347  -26.876637  1.065687 0.000000
104263  -48.111755  -26.228699  0.974075 0.000000
110866  -50.817955  -22.507877  0.712638 0.000000
110867  -51.793602  -22.146189  0.463166 0.000000
110868  -51.321026  -21.942438  0.745467 0.000000
110869  -51.820198  -21.366451  0.719656 0.000000
110870  -52.330811  -20.856144  0.719368 0.000000
111452  -62.754494  -36.775593  11.407285 0.000000
111453  -62.503304  -37.212421  11.735178 0.000000
111474  -47.943413  -37.192814  9.466069 0.000000
111475  -48.681297  -37.251297  9.689419 0.000000
111476  -48.753979  -36.807396  9.286774 0.000000
111477  -49.587605  -36.453819  9.145437 0.000000
111478  -50.435085  -36.068123  9.016507 0.000000
111479  -52.417717  -34.027016  7.810103 0.000000
111480  -52.345325  -34.479088  8.109575 0.000000
111481  -53.262707  -34.157875  8.063245 0.000000
111482  -54.141155  -34.256622  8.243130 0.000000
111483  -54.987427  -34.362885  8.392244 0.000000
111484  -55.681141  -34.500389  8.573764 0.000000
111485  -55.835747  -34.061028  8.310225 0.000000
111486  -56.708027  -33.751289  8.260420 0.000000
111487  -57.629753  -33.452766  8.237125 0.000000
111488  -53.248688  -30.318689  5.066939 0.000000
111489  -53.092396  -30.793430  5.412841 0.000000
111490  -54.037292  -30.469147  5.462687 0.000000
111491  -54.871269  -30.653971  5.861684 0.000000
111492  -55.866814  -30.786518  6.083083 0.000000
111493  -60.397041  -30.322422  6.792276 0.000000
111494  -59.440514  -30.622431  6.680085 0.000000
111495  -60.313709  -30.778845  7.027040 0.000000
111496  -60.283752  -31.183279  7.241216 0.000000
111497  -60.173809  -31.597956  7.479316 0.000000
111498  -59.916679  -32.005531  7.738821 0.000000
111499  -60.890308  -31.681919  7.794196 0.000000
111500  -61.589863  -31.788183  8.089029 0.000000
111501  -62.286232  -31.951101  8.384190 0.000000
111502  -62.889641  -32.160858  8.664475 0.000000
111503  -63.069405  -31.739529  8.393789 0.000000
111504  -63.648388  -31.580173  8.363235 0.000000
111505  -64.159897  -31.522751  8.224791 0.000000
111506  -65.089394  -30.441034  6.514216 0.000000
111507  -65.039337  -30.823862  6.838229 0.000000
111528  -64.455917  -25.212406  4.200047 0.000000
111529  -64.872894  -25.601542  4.258409 0.000000
115661  -36.162758  -32.268383  12.557163 0.000000
115662  -36.562355  -31.890507  12.272905 0.000000
115663  -35.926369  -32.000671  12.943171 0.000000
115664  -35.620796  -31.712387  13.265129 0.000000
115665  -35.283546  -31.411350  13.477733 0.000000
115666  -34.235447  -31.783657  14.408809 0.000000
115667  -34.538734  -31.499750  13.947683 0.000000
115668  -34.870514  -31.143805  13.585317 0.000000
115708  -33.871082  -33.505497  18.553753 0.000000
115710  -33.688786  -33.430214  18.043652 0.000000
115711  -33.966896  -33.898983  17.597130 0.000000
115712  -34.173340  -34.189995  16.638021 0.000000
115713  -34.448242  -34.426788  15.559151 0.000000
115714  -34.775993  -34.539234  14.421124 0.000000
115715  -35.132973  -34.562950  13.513605 0.000000
115716  -34.857758  -34.228672  14.093201 0.000000
115717  -34.981457  -33.925629  13.768539 0.000000
115718  -35.141407  -33.649612  13.504758 0.000000
115719  -34.432384  -33.293579  14.890492 0.000000
115720  -34.861450  -33.319679  14.097725 0.000000
115721  -35.321190  -33.311947  13.253119 0.000000
115722  -35.530163  -32.966835  12.963287 0.000000
115723  -35.818878  -32.620678  12.771013 0.000000
117430  -57.265862  -21.976284  0.740135 0.000000
117563  -42.697819  -40.485302  15.351268 0.000000
117564  -42.703274  -40.535927  16.148476 0.000000
117565  -43.224731  -40.590019  15.489904 0.000000
117566  -43.788708  -40.709328  15.573110 0.000000
117567  -44.357586  -40.815971  15.711929 0.000000
117568  -45.125313  -40.516602  14.398906 0.000000
117569  -45.039337  -40.719509  15.125336 0.000000
117570  -44.909801  -40.888672  15.890567 0.000000
117571  -45.442741  -40.943840  16.091351 0.000000
117572  -45.997719  -41.019173  16.307594 0.000000
117573  -46.588528  -41.069084  16.404490 0.000000
117574  -47.099270  -41.158684  16.579111 0.000000
117575  -47.346416  -40.931267  15.875735 0.000000
117576  -48.040771  -40.780434  15.408023 0.000000
117577  -48.715324  -40.595512  14.972995 0.000000
117578  -48.389847  -40.261848  14.072580 0.000000
117579  -48.965950  -40.292271  14.292139 0.000000
117580  -49.528980  -40.325207  14.555923 0.000000
117581  -50.393547  -40.036373  14.169301 0.000000
117582  -51.248230  -39.727776  13.797926 0.000000
117583  -52.094501  -39.396519  13.472214 0.000000
117584  -52.961998  -39.124458  13.216083 0.000000
117585  -52.309071  -39.084839  13.003293 0.000000
117586  -52.489697  -38.766529  12.530895 0.000000
117587  -52.666340  -38.447544  12.005771 0.000000
117588  -51.164589  -38.714142  12.001684 0.000000
117589  -51.995869  -38.413414  11.789398 0.000000
117590  -52.839508  -38.089897  11.544943 0.000000
117591  -52.982533  -37.719414  11.123516 0.000000
117592  -53.153595  -37.320751  10.710927 0.000000
117593  -53.313103  -36.893730  10.302322 0.000000
117594  -50.892979  -27.746716  1.782095 0.000000
117595  -51.524162  -27.912399  2.164854 0.000000
117596  -51.807606  -27.378246  1.878195 0.000000
117597  -52.749401  -27.014599  1.977081 0.000000
117598  -53.715443  -26.697430  2.100726 0.000000
117599  -53.453880  -25.960049  1.506899 0.000000
117600  -54.062355  -26.173233  1.864667 0.000000
117601  -54.682335  -26.360485  2.228732 0.000000
117602  -55.686714  -26.040386  2.369627 0.000000
117603  -56.794304  -25.729467  2.510631 0.000000
117604  -57.846466  -25.434368  2.661130 0.000000
117605  -58.866863  -25.185608  2.804663 0.000000
117606  -58.262260  -24.938408  2.393541 0.000000
117607  -58.625671  -24.458120  2.124905 0.000000
117608  -58.957558  -23.950943  1.883706 0.000000
117609  -57.253197  -24.052967  1.475683 0.000000
117610  -58.244312  -23.759588  1.558278 0.000000
117611  -59.246449  -23.432455  1.657129 0.000000
117612  -59.539246  -22.926325  1.463578 0.000000
119945  -45.432503  -27.402750  2.509292 0.000000
119946  -45.922913  -26.786942  2.489389 0.000000
119947  -45.364292  -27.247288  2.951482 0.000000
119948  -45.327316  -27.148569  3.431669 0.000000
119949  -45.289562  -27.110180  3.954059 0.000000
119950  -44.177464  -28.215338  4.519443 0.000000
119951  -44.723152  -27.674061  4.496642 0.000000
119952  -45.229992  -27.158655  4.508364 0.000000
119953  -45.195358  -27.203644  5.064845 0.000000
119954  -45.129086  -27.242594  5.645858 0.000000
119955  -45.046322  -27.242283  6.277084 0.000000
119956  -39.708138  -28.605968  10.750380 0.000000
119957  -40.478691  -28.447086  10.400414 0.000000
120083  -36.163982  -36.111980  17.035860 0.000000
120084  -36.513893  -36.073967  17.371471 0.000000
120085  -36.492489  -36.505714  16.515800 0.000000
120086  -36.775917  -36.870888  16.121883 0.000000
120087  -37.073284  -37.244926  15.821539 0.000000
120088  -37.110737  -37.467171  14.481241 0.000000
120089  -37.225719  -37.553383  15.015866 0.000000
120090  -37.384361  -37.610748  15.615039 0.000000
120091  -37.723377  -37.962532  15.466072 0.000000
120092  -38.130566  -38.316833  15.292631 0.000000
120093  -38.549202  -38.626015  15.142769 0.000000
120094  -38.927895  -38.881187  15.159857 0.000000
120095  -38.869778  -38.804653  14.446164 0.000000
120096  -39.262459  -38.933437  13.774091 0.000000
120097  -39.702801  -38.996132  13.076857 0.000000
120098  -39.237041  -38.532520  12.518470 0.000000
120099  -39.749138  -38.738564  12.370315 0.000000
120100  -40.256203  -38.936951  12.327017 0.000000
120101  -40.809429  -38.850105  11.710062 0.000000
120102  -41.414532  -38.697689  11.101981 0.000000
120103  -42.029835  -38.464138  10.516345 0.000000
120104  -42.618752  -38.253990  10.104120 0.000000
120105  -42.048172  -38.149879  9.993522 0.000000
120106  -42.067791  -37.810570  9.437743 0.000000
120107  -42.109497  -37.444599  8.920395 0.000000
120108  -40.980309  -37.560829  9.375584 0.000000
120109  -41.568321  -37.362923  8.877958 0.000000
120110  -42.183647  -37.092888  8.420595 0.000000
120111  -42.266724  -36.695457  7.901328 0.000000
120112  -42.323921  -36.269695  7.385708 0.000000
120113  -42.348907  -35.873634  6.902535 0.000000
120114  -39.279560  -33.624908  7.172298 0.000000
120115  -39.658882  -33.835258  6.730823 0.000000
120116  -39.852142  -33.384956  6.440897 0.000000
120117  -40.433819  -33.114845  5.774699 0.000000
120118  -41.019951  -32.840382  5.153625 0.000000
120119  -40.912766  -32.129967  5.373518 0.000000
120120  -41.240780  -32.317513  4.899368 0.000000
120121  -41.641766  -32.498112  4.541674 0.000000
120122  -42.300423  -32.146114  4.003963 0.000000
120123  -42.984917  -31.779688  3.499999 0.000000
120124  -43.702671  -31.417669  3.037396 0.000000
120125  -44.408928  -31.045843  2.680077 0.000000
120126  -43.910461  -30.872528  2.819735 0.000000
120127  -44.086716  -30.326111  2.657186 0.000000
120128  -44.311119  -29.736149  2.538224 0.000000
120129  -43.277042  -29.978674  3.388366 0.000000
120130  -43.889755  -29.576916  2.886431 0.000000
120131  -44.532207  -29.156153  2.479815 0.000000
120132  -44.815735  -28.571676  2.439394 0.000000
120133  -45.157726  -27.980616  2.438173 0.000000
125269  -49.774109  -22.408993  2.577303 0.000000
125270  -50.405266  -21.798306  2.073606 0.000000
125721  -59.596107  -37.144329  11.783848 0.000000
125722  -60.119160  -37.332550  12.066288 0.000000
125723  -60.348808  -36.916756  11.658415 0.000000
125724  -61.045776  -36.703789  11.548613 0.000000
125725  -61.733070  -36.525322  11.424597 0.000000
125726  -61.459400  -35.796768  10.850882 0.000000
125727  -61.954674  -36.064690  11.086523 0.000000
125728  -62.409752  -36.404816  11.289444 0.000000
125729  -62.978485  -36.347107  11.090469 0.000000
125736  -63.920479  -34.725288  9.908262 0.000000
125742  -48.070580  -35.351151  7.848086 0.000000
125743  -48.810345  -35.400585  8.123144 0.000000
125744  -48.870415  -34.939205  7.704083 0.000000
125745  -49.769592  -34.534737  7.642134 0.000000
125746  -50.661674  -34.176247  7.557143 0.000000
125747  -49.939568  -33.617970  6.864788 0.000000
125748  -50.767067  -33.717896  7.212607 0.000000
125749  -51.585388  -33.850716  7.493257 0.000000
125750  -52.517834  -33.561707  7.450324 0.000000
125751  -53.467537  -33.262318  7.411561 0.000000
125752  -54.426319  -32.991505  7.343182 0.000000
125753  -57.172813  -29.088104  5.350720 0.000000
125754  -57.025623  -29.526138  5.572978 0.000000
125755  -58.020424  -29.226688  5.561358 0.000000
125756  -58.791801  -29.439154  5.871388 0.000000
125757  -59.618134  -29.633524  6.177875 0.000000
125758  -60.656239  -28.859501  6.069715 0.000000
125759  -60.561878  -29.333466  6.275797 0.000000
125760  -60.476746  -29.823811  6.524500 0.000000
125761  -61.307636  -30.011791  6.890331 0.000000
125762  -62.060585  -30.160660  7.176521 0.000000
125763  -62.832695  -30.239948  7.395474 0.000000
125764  -63.426216  -30.475056  7.604877 0.000000
125765  -63.490326  -30.084986  7.316429 0.000000
125766  -64.094254  -29.986195  7.153845 0.000000
125767  -64.620926  -29.916819  6.925293 0.000000
125768  -64.351837  -29.195873  6.678113 0.000000
125769  -64.702011  -29.555765  6.663161 0.000000
125770  -64.935074  -29.981037  6.604979 0.000000
125771  -65.184097  -30.075415  6.225742 0.000000
125778  -65.334534  -28.698294  4.926446 0.000000
129893  -41.023460  -30.888626  7.069501 0.000000
129894  -41.555397  -30.384058  7.025818 0.000000
129895  -40.967682  -30.730429  7.682090 0.000000
129896  -40.907574  -30.565638  8.233413 0.000000
129897  -40.812737  -30.389935  8.777578 0.000000
129898  -39.651207  -31.013794  9.528053 0.000000
129899  -40.185570  -30.606136  9.384380 0.000000
129900  -40.661064  -30.191675  9.334547 0.000000
129901  -40.398998  -29.996033  9.830984 0.000000
129902  -40.088062  -29.737268  10.298938 0.000000
129903  -39.731827  -29.417526  10.703368 0.000000
129904  -36.986633  -31.523569  12.087600 0.000000
129905  -37.447144  -31.139267  11.878531 0.000000
129906  -37.876320  -30.764057  11.650015 0.000000
129907  -36.809513  -30.540058  12.486076 0.000000
129908  -37.552238  -30.466122  12.040159 0.000000
129909  -38.277752  -30.349293  11.493967 0.000000
129910  -38.676830  -29.940100  11.322798 0.000000
129911  -39.036968  -29.514297  11.137594 0.000000
129912  -39.385815  -29.041483  10.934945 0.000000
129913  -38.908516  -28.767715  11.074039 0.000000
130012  -37.416328  -32.793144  21.030884 0.000000
130014  -36.829887  -33.020279  20.902439 0.000000
130015  -36.974407  -33.455177  20.615177 0.000000
130016  -36.598667  -34.090645  20.099167 0.000000
130017  -36.275391  -34.760017  19.321609 0.000000
130018  -36.030201  -35.322689  18.446075 0.000000
130020  -34.850719  -33.536579  19.834377 0.000000
130021  -35.058350  -34.016518  19.506031 0.000000
130022  -34.619820  -34.538048  18.148386 0.000000
130023  -34.900414  -34.550304  18.635803 0.000000
130024  -35.239841  -34.532612  19.090614 0.000000
130025  -35.459480  -34.923622  18.675325 0.000000
130026  -35.668324  -35.322289  18.124603 0.000000
130027  -35.891655  -35.723480  17.546350 0.000000
130028  -35.939049  -36.091888  16.559238 0.000000
130029  -36.042503  -36.413372  15.533534 0.000000
130030  -36.201267  -36.654015  14.570946 0.000000
130031  -35.769306  -36.207310  14.463679 0.000000
130032  -36.126701  -36.518120  14.057742 0.000000
130033  -36.497265  -36.829556  13.665009 0.000000
130034  -36.922058  -36.904522  12.756906 0.000000
130035  -37.391068  -36.929653  11.870476 0.000000
130036  -37.905441  -36.887360  11.061446 0.000000
130037  -38.381504  -36.828506  10.368248 0.000000
130038  -37.892677  -36.558460  10.602665 0.000000
130039  -37.915913  -36.213428  10.139677 0.000000
130040  -37.962116  -35.845364  9.715604 0.000000
130041  -37.047764  -35.704544  10.726309 0.000000
130042  -37.533241  -35.586189  9.997807 0.000000
130043  -38.060215  -35.465900  9.291593 0.000000
130044  -38.185890  -35.070015  8.881342 0.000000
130045  -38.321262  -34.691086  8.555750 0.000000
130046  -38.496777  -34.260365  8.223322 0.000000
130047  -35.495224  -34.567593  12.668568 0.000000
130048  -35.925701  -34.498138  11.770360 0.000000
130049  -36.440685  -34.402821  10.931761 0.000000
130050  -36.333233  -33.733540  11.138867 0.000000
130051  -36.636726  -34.001217  10.591677 0.000000
130052  -36.959587  -34.320705  10.160097 0.000000
130053  -37.513855  -34.180534  9.429785 0.000000
130054  -38.101162  -34.001900  8.676840 0.000000
130055  -38.711193  -33.826763  7.893208 0.000000
130056  -38.916649  -33.400391  7.686517 0.000000
130057  -39.188145  -32.971771  7.452344 0.000000
130058  -39.483807  -32.541054  7.332799 0.000000
130059  -38.720238  -32.524651  8.569077 0.000000
130060  -39.266872  -32.330742  7.897088 0.000000
130061  -39.825798  -32.106014  7.206248 0.000000
130062  -40.197876  -31.703320  7.122733 0.000000
130063  -40.617168  -31.270254  7.068552 0.000000
135058  -41.118511  -39.417351  19.577000 0.000000
135064  -42.713783  -40.572788  16.928259 0.000000
135065  -42.720905  -40.570370  17.693630 0.000000
135066  -42.737545  -40.530258  18.453159 0.000000
135067  -43.708420  -40.870155  17.998318 0.000000
135068  -43.213501  -40.682705  18.593805 0.000000
135069  -42.810860  -40.462486  19.221783 0.000000
135070  -42.875244  -40.376228  19.952435 0.000000
135092  -47.653343  -41.249088  16.748413 0.000000
135118  -58.307686  -38.221912  12.682978 0.000000
135119  -58.557243  -37.831123  12.265310 0.000000
135120  -53.755047  -38.924706  12.984568 0.000000
135121  -54.592213  -38.744865  12.743956 0.000000
135122  -55.430565  -38.489220  12.482132 0.000000
135123  -54.947937  -38.059570  11.822180 0.000000
135124  -55.630363  -38.121017  12.004202 0.000000
135125  -56.285515  -38.230991  12.250704 0.000000
135126  -57.162300  -37.952923  12.087171 0.000000
135127  -57.995453  -37.686489  11.958035 0.000000
135128  -58.803398  -37.397564  11.889947 0.000000
135129  -59.060066  -36.958000  11.463335 0.000000
135130  -59.327087  -36.498650  11.060382 0.000000
135131  -59.489037  -36.038677  10.732377 0.000000
135132  -58.047432  -36.175102  10.531904 0.000000
135133  -58.898621  -35.845428  10.477964 0.000000
135134  -59.707115  -35.576920  10.434078 0.000000
135135  -59.917980  -35.149998  10.165286 0.000000
135136  -60.124676  -34.733894  9.881513 0.000000
135137  -60.318321  -34.318695  9.626501 0.000000
135138  -49.054977  -31.803791  4.488931 0.000000
135139  -49.688011  -31.861618  4.916572 0.000000
135140  -49.914349  -31.389721  4.521964 0.000000
135141  -50.765953  -30.964783  4.554321 0.000000
135142  -51.660118  -30.558966  4.611605 0.000000
135143  -51.173592  -30.023249  3.815808 0.000000
135144  -51.854176  -30.090118  4.229163 0.000000
135145  -52.533276  -30.190374  4.653773 0.000000
135146  -53.405712  -29.836735  4.732001 0.000000
135147  -54.380260  -29.487896  4.816821 0.000000
135148  -55.351967  -29.155487  4.884685 0.000000
135149  -52.168110  -28.052197  2.539290 0.000000
135150  -52.850201  -28.181406  2.932358 0.000000
135151  -53.458332  -28.346111  3.350914 0.000000
135152  -54.693695  -27.534485  3.142745 0.000000
135153  -54.418560  -27.996593  3.437488 0.000000
135154  -54.154327  -28.431431  3.747875 0.000000
135155  -54.815533  -28.539789  4.126624 0.000000
135156  -55.540276  -28.695202  4.542819 0.000000
135157  -56.363281  -28.885386  4.985559 0.000000
135158  -57.350853  -28.634583  5.077085 0.000000
135159  -58.270374  -28.400814  5.194615 0.000000
135160  -59.204247  -28.118063  5.292590 0.000000
135161  -58.677254  -27.480307  4.695868 0.000000
135162  -59.431709  -27.681759  5.100342 0.000000
135163  -60.230293  -27.784527  5.428679 0.000000
135164  -61.216179  -27.474909  5.556350 0.000000
135165  -62.126118  -27.218063  5.643776 0.000000
135166  -63.018730  -26.995892  5.655427 0.000000
135167  -63.800129  -26.855701  5.566695 0.000000
135168  -63.229229  -26.543116  5.414155 0.000000
135169  -63.405113  -26.127234  5.085131 0.000000
135170  -63.646736  -25.710926  4.745629 0.000000
135171  -62.159309  -25.745617  4.577678 0.000000
135172  -63.045116  -25.489170  4.587620 0.000000
135173  -63.794304  -25.310543  4.412229 0.000000
135174  -63.988312  -24.889225  4.006487 0.000000
135177  -59.852680  -24.934958  2.904450 0.000000
135178  -60.795582  -24.679325  3.017084 0.000000
135179  -61.656574  -24.379370  3.123710 0.000000
135180  -61.412426  -23.621462  2.440508 0.000000
135181  -61.973248  -23.874559  2.810161 0.000000
135182  -62.515846  -24.101322  3.160038 0.000000
141389  -52.057045  -24.247915  0.410413 0.000000
141390  -52.577564  -23.618452  0.347407 0.000000
141391  -51.611584  -23.923595  0.346891 0.000000
141392  -51.168568  -23.603964  0.357807 0.000000
141393  -50.694862  -23.313976  0.449456 0.000000
141394  -49.329185  -24.329800  0.787899 0.000000
141395  -49.853237  -23.680803  0.758571 0.000000
141396  -50.311329  -23.062004  0.692287 0.000000
141397  -49.974899  -22.937473  1.077630 0.000000
141398  -49.670055  -22.870026  1.543851 0.000000
141399  -49.436146  -22.839001  2.059221 0.000000
141400  -46.399349  -26.188822  2.476665 0.000000
141401  -46.853519  -25.617010  2.455685 0.000000
141402  -47.356106  -25.023962  2.471030 0.000000
141403  -46.738514  -25.607635  3.499469 0.000000
141404  -47.292030  -25.015514  2.998965 0.000000
141405  -47.874290  -24.455770  2.505910 0.000000
141406  -48.371838  -23.910433  2.547930 0.000000
141407  -48.832550  -23.426208  2.571949 0.000000
141408  -49.303932  -22.893139  2.563199 0.000000
141409  -49.215382  -23.022171  3.081722 0.000000
141418  -42.109180  -29.898748  6.940542 0.000000
141419  -42.629692  -29.442417  6.878288 0.000000
141420  -43.107857  -28.993046  6.891287 0.000000
141421  -42.423771  -29.227732  8.044050 0.000000
141422  -43.039906  -28.908024  7.472545 0.000000
141423  -43.605858  -28.548960  6.852606 0.000000
141424  -44.054756  -28.118362  6.846372 0.000000
141425  -44.463276  -27.675365  6.869377 0.000000
141426  -44.903587  -27.157755  6.912248 0.000000
141427  -41.202095  -28.252796  9.988068 0.000000
141428  -41.972694  -28.027655  9.591092 0.000000
141429  -42.746006  -27.796484  9.119197 0.000000
141432  -43.457756  -27.588886  8.624410 0.000000
141433  -44.139122  -27.356068  8.129443 0.000000
141434  -44.744011  -27.039907  7.560161 0.000000
141435  -45.366112  -26.678915  6.950228 0.000000
141752  -38.253784  -33.451649  20.365940 0.000000
141758  -36.880280  -35.980316  17.728525 0.000000
141759  -37.253151  -35.861713  18.049900 0.000000
141760  -37.669613  -35.658222  18.328112 0.000000
141761  -37.687542  -36.643265  17.352564 0.000000
141762  -37.859982  -36.041065  17.971256 0.000000
141763  -38.116920  -35.434338  18.489410 0.000000
141764  -38.569649  -35.245319  18.559551 0.000000
141770  -39.033531  -36.916832  18.216602 0.000000
141777  -40.143383  -38.503216  19.136229 0.000000
141778  -40.293163  -39.015015  18.631683 0.000000
141779  -39.762081  -38.974216  17.796738 0.000000
141780  -40.144859  -39.228355  17.906221 0.000000
141781  -40.516560  -39.472954  18.027435 0.000000
141782  -40.836044  -39.830364  17.383648 0.000000
141783  -41.246468  -40.083179  16.696651 0.000000
141784  -41.707401  -40.261280  16.020985 0.000000
141785  -39.344795  -39.137005  15.130574 0.000000
141786  -39.799480  -39.396149  15.066628 0.000000
141787  -40.255138  -39.635338  15.125809 0.000000
141788  -40.704018  -39.595631  13.756058 0.000000
141789  -40.711987  -39.739147  14.470599 0.000000
141790  -40.713108  -39.849434  15.198552 0.000000
141791  -41.250622  -40.039261  15.210234 0.000000
141792  -41.726269  -40.203655  15.249530 0.000000
141793  -42.169361  -40.348610  15.311249 0.000000
141794  -42.763100  -40.369194  14.606076 0.000000
141795  -43.394287  -40.302746  13.953753 0.000000
141796  -44.031471  -40.160347  13.428413 0.000000
141797  -43.532730  -39.810448  12.611860 0.000000
141798  -44.163750  -39.875946  12.720949 0.000000
141799  -44.701866  -39.959797  12.897504 0.000000
141800  -45.438667  -39.682945  12.401697 0.000000
141801  -46.191689  -39.410736  11.973701 0.000000
141802  -47.018013  -39.126171  11.618068 0.000000
141803  -47.744560  -38.791115  11.299870 0.000000
141804  -47.052521  -38.751072  11.114710 0.000000
141805  -47.114132  -38.364479  10.627016 0.000000
141806  -47.195435  -37.961575  10.155779 0.000000
141807  -45.820904  -38.234432  10.250409 0.000000
141808  -46.477375  -37.888287  9.975802 0.000000
141809  -47.202217  -37.544529  9.714974 0.000000
141810  -47.177792  -37.144489  9.289321 0.000000
141811  -47.261559  -36.700695  8.906015 0.000000
141812  -47.293179  -36.240051  8.485380 0.000000
141813  -43.250160  -38.009617  9.718657 0.000000
141814  -43.925705  -37.697887  9.348226 0.000000
141815  -44.576611  -37.331806  9.007368 0.000000
141816  -43.985180  -36.900837  8.289869 0.000000
141817  -44.593243  -36.915680  8.495337 0.000000
141818  -45.249645  -36.942039  8.686776 0.000000
141819  -45.897373  -36.563820  8.441684 0.000000
141820  -46.593182  -36.181427  8.228094 0.000000
141821  -47.347332  -35.753254  8.019213 0.000000
141822  -47.380981  -35.307190  7.529852 0.000000
141823  -47.436600  -34.851910  7.009376 0.000000
141824  -47.525890  -34.424946  6.593714 0.000000
141825  -46.220638  -34.851475  6.491029 0.000000
141826  -46.928703  -34.414230  6.308229 0.000000
141827  -47.642578  -33.987312  6.168173 0.000000
141828  -47.795357  -33.529736  5.776065 0.000000
141829  -47.927940  -33.115776  5.375072 0.000000
141830  -48.067516  -32.687809  4.985948 0.000000
141831  -38.882160  -36.762962  9.720099 0.000000
141832  -39.427826  -36.622757  9.077627 0.000000
141833  -40.009323  -36.462093  8.456401 0.000000
141834  -39.574219  -35.902580  8.137493 0.000000
141835  -40.110329  -36.102840  7.960715 0.000000
141836  -40.621628  -36.264427  7.859853 0.000000
141837  -41.192146  -36.012768  7.341363 0.000000
141838  -41.791767  -35.735146  6.843180 0.000000
141839  -42.418201  -35.436134  6.400482 0.000000
141840  -39.999298  -34.099777  6.432912 0.000000
141841  -40.459476  -34.332954  6.182181 0.000000
141842  -40.970779  -34.510044  5.968075 0.000000
141843  -41.736984  -33.736217  5.017343 0.000000
141844  -41.573051  -34.227665  5.417520 0.000000
141845  -41.496933  -34.682648  5.854989 0.000000
141846  -42.018143  -34.852631  5.849691 0.000000
141847  -42.558147  -34.977978  5.884382 0.000000
141848  -43.091148  -35.103657  6.008300 0.000000
141849  -43.817982  -34.721886  5.639496 0.000000
141850  -44.538555  -34.309280  5.346956 0.000000
141851  -45.256569  -33.901924  5.090816 0.000000
141852  -44.779892  -33.394497  4.409935 0.000000
141853  -45.380852  -33.434196  4.626816 0.000000
141854  -46.002724  -33.466686  4.889744 0.000000
141855  -46.744076  -33.075260  4.766299 0.000000
141856  -47.470951  -32.676468  4.648853 0.000000
141857  -48.258793  -32.231556  4.556368 0.000000
141858  -48.463898  -31.778835  4.148981 0.000000
141859  -48.670498  -31.314381  3.738849 0.000000
141860  -48.810234  -30.841492  3.352044 0.000000
141861  -47.419563  -31.129833  3.007082 0.000000
141862  -48.205086  -30.735798  2.974547 0.000000
141863  -48.987103  -30.331781  2.958804 0.000000
141864  -49.257233  -29.797283  2.623569 0.000000
141865  -49.505112  -29.255070  2.296324 0.000000
141866  -49.755234  -28.710800  1.997443 0.000000
141867  -45.107567  -30.649057  2.380972 0.000000
141868  -45.869919  -30.217575  2.114333 0.000000
141869  -46.647003  -29.782410  1.891624 0.000000
141870  -46.333813  -28.994690  1.665470 0.000000
141871  -46.895611  -29.164043  1.641101 0.000000
141872  -47.478741  -29.357586  1.767617 0.000000
141873  -48.307041  -28.965509  1.711474 0.000000
141874  -49.127575  -28.572620  1.684009 0.000000
141875  -50.002941  -28.151373  1.707767 0.000000
141876  -50.295357  -27.568329  1.440834 0.000000
141877  -50.563644  -27.046131  1.222109 0.000000
141878  -50.809364  -26.509668  1.011727 0.000000
141879  -49.251816  -26.679813  0.878786 0.000000
141880  -50.162384  -26.329212  0.826900 0.000000
141881  -51.109577  -25.948074  0.852215 0.000000
141882  -51.388844  -25.403778  0.685523 0.000000
141883  -51.728394  -24.822561  0.544788 0.000000
155174  -53.204460  -22.954222  0.317644 0.000000
155175  -53.795635  -22.410658  0.295179 0.000000
155176  -54.375469  -21.848375  0.346001 0.000000
155177  -52.873177  -21.810139  0.342020 0.000000
155178  -53.905956  -21.504601  0.315536 0.000000
155179  -54.911598  -21.312044  0.414440 0.000000
155180  -55.396709  -20.887560  0.504219 0.000000
155183  -51.119453  -21.225163  1.543301 0.000000
155184  -51.923553  -20.730953  1.099385 0.000000
155185  -52.852531  -20.389866  0.863780 0.000000
155188  -53.834282  -20.072294  0.726525 0.000000
156343  -60.578362  -37.534065  12.327668 0.000000
156388  -48.516941  -38.474022  11.021482 0.000000
156389  -49.292564  -38.165241  10.795050 0.000000
156390  -50.099812  -37.840355  10.604853 0.000000
156391  -49.439369  -37.364769  9.941625 0.000000
156392  -50.201874  -37.466461  10.201922 0.000000
156393  -50.944374  -37.522118  10.460606 0.000000
156394  -51.733482  -37.147552  10.293039 0.000000
156395  -52.544788  -36.809933  10.129246 0.000000
156396  -53.444122  -36.457611  9.920050 0.000000
156397  -49.686337  -35.450874  8.361868 0.000000
156398  -50.501713  -35.584400  8.637136 0.000000
156399  -51.293610  -35.688675  8.891506 0.000000
156400  -52.259155  -34.899853  8.424564 0.000000
156401  -52.181438  -35.297695  8.780306 0.000000
156402  -52.075172  -35.781628  9.133894 0.000000
156403  -52.845467  -35.893333  9.360246 0.000000
156404  -53.581684  -36.028553  9.544489 0.000000
156405  -54.343647  -36.099457  9.697931 0.000000
156406  -55.210457  -35.763054  9.538942 0.000000
156407  -56.119209  -35.408283  9.415886 0.000000
156408  -57.032215  -35.051559  9.343472 0.000000
156409  -56.413769  -34.577717  8.823350 0.000000
156410  -57.133656  -34.632504  9.056536 0.000000
156411  -57.861462  -34.760540  9.300268 0.000000
156412  -58.753441  -34.478870  9.287863 0.000000
156413  -59.644539  -34.175213  9.331862 0.000000
156414  -60.547424  -33.916206  9.360106 0.000000
156415  -50.410080  -31.871262  5.299712 0.000000
156416  -51.167599  -31.913132  5.698791 0.000000
156417  -51.922077  -32.037479  6.099832 0.000000
156418  -52.952351  -31.276581  5.774737 0.000000
156419  -52.847252  -31.752024  6.093320 0.000000
156420  -52.762901  -32.202950  6.418381 0.000000
156421  -53.665211  -32.393562  6.737035 0.000000
156422  -54.535522  -32.559544  7.035069 0.000000
156423  -55.392578  -32.709194  7.252600 0.000000
156424  -56.896278  -30.001394  5.848105 0.000000
156425  -56.816505  -30.476959  6.055586 0.000000
156426  -56.679413  -30.991648  6.310580 0.000000
156427  -58.416748  -30.883154  6.553945 0.000000
156428  -57.490582  -31.174892  6.537450 0.000000
156429  -56.587219  -31.496500  6.572400 0.000000
156430  -56.481041  -31.960922  6.877183 0.000000
156431  -56.385201  -32.420216  7.149481 0.000000
156432  -56.253948  -32.824966  7.465508 0.000000
156433  -57.071911  -32.920460  7.707572 0.000000
156434  -57.818916  -33.041870  7.966848 0.000000
156435  -58.507313  -33.156124  8.230856 0.000000
156436  -59.704975  -32.408630  7.979698 0.000000
156437  -59.504230  -32.793526  8.217890 0.000000
156438  -59.313332  -33.235161  8.507824 0.000000
156439  -60.072380  -33.334057  8.792621 0.000000
156440  -60.776031  -33.485237  9.091082 0.000000
156441  -61.419323  -33.666611  9.372552 0.000000
156442  -62.200920  -33.453156  9.393267 0.000000
156443  -62.995525  -33.273968  9.404427 0.000000
156444  -63.702003  -33.147442  9.346752 0.000000
156445  -63.401733  -32.417908  8.917851 0.000000
156446  -63.866982  -32.714447  9.118243 0.000000
156447  -64.221046  -33.094833  9.200712 0.000000
156448  -64.629395  -33.110031  8.994759 0.000000
156451  -63.896557  -30.802832  7.788064 0.000000
156452  -64.273521  -31.170374  7.912176 0.000000
156453  -64.583298  -31.548321  7.988954 0.000000
156454  -64.965729  -31.229950  7.207929 0.000000
156455  -64.900925  -31.595703  7.593484 0.000000
156456  -64.844574  -31.956476  8.030707 0.000000
156496  -64.440269  -26.805981  5.306134 0.000000
156497  -64.920959  -26.820318  4.964782 0.000000
156498  -65.254990  -26.881079  4.570839 0.000000
156499  -65.156090  -26.041386  4.270810 0.000000
156500  -65.341896  -26.532032  4.191345 0.000000
156501  -65.449318  -27.084332  4.009534 0.000000
